0.0305859219901,0.0305859219901,0.0305859219901,0.0305859219901,1.0,0.0305859219901,0.0,0000
0.0,5.23268599212e-29,4.37217769205e-25,8.33755843367e-25,1.0,8.50744842921e-15,0.0583880002214,0000
0.0,2.11361630936e-29,1.76773323531e-25,4.25000724264e-25,1.0,5.72649784357e-15,0.0362605507121,0000
0.0,2.22725235886e-29,1.24994088708e-25,4.37934347716e-25,1.0,6.46331155504e-15,0.0670988664846,0000
0.025631388955,0.025631388955,0.025631388955,0.025631388955,1.0,0.025631388955,0.0,0000
0.0067941281246,0.0067941281246,0.0067941281246,0.0067941281246,1.0,0.0067941281246,0.0,0000
0.02102200315,0.02102200315,0.02102200315,0.02102200315,1.0,0.02102200315,0.0,0000
0.0,9.77668004009e-38,1.70408130514e-32,4.87609089471e-32,1.0,4.06618044275e-19,0.0342006703437,0000
0.0161735611947,0.0161735611947,0.0161735611947,0.0161735611947,1.0,0.0161735611947,0.0,0000
0.0,4.44339377818e-36,7.13211863124e-31,1.04577175686e-30,1.0,2.31913915786e-18,0.0310999442146,0000
0.0534283341647,0.0534283341647,0.0534283341647,0.0534283341647,1.0,0.0534283341647,0.0,0000
0.0330814406223,0.0330814406223,0.0330814406223,0.0330814406223,1.0,0.0330814406223,0.0,0000
0.0186293761128,0.0186293761128,0.0186293761128,0.0186293761128,1.0,0.0186293761128,0.0,0000
0.00355794088977,0.00355794088977,0.00355794088977,0.00355794088977,1.0,0.00355794088977,0.0,0000
0.0,1.18858861146e-29,9.76470360239e-26,2.21361986932e-25,1.0,4.23069316597e-15,0.0185863404852,0000
0.0,2.98108165727e-30,2.94305930197e-26,7.36369235403e-26,1.0,2.17242190954e-15,0.0447912141132,0000
0.0501223089691,0.0501223089691,0.0501223089691,0.0501223089691,1.0,0.0501223089691,0.0,0000
0.0127054928055,0.0127054928055,0.0127054928055,0.0127054928055,1.0,0.0127054928055,0.0,0000
0.116428268093,0.116428268093,0.116428268093,0.116428268093,1.0,0.116428268093,0.0,0000
0.0,2.76525304349e-34,1.49759321918e-29,3.00399375076e-29,1.0,1.97914220902e-17,0.0177298638091,0000
0.0237462212825,0.0237462212825,0.0237462212825,0.0237462212825,1.0,0.0237462212825,0.0,0000
0.00177571571608,0.00177571571608,0.00177571571608,0.00177571571608,1.0,0.00177571571608,0.0,0000
0.00700147013739,0.00700147013739,0.00700147013739,0.00700147013739,1.0,0.00700147013739,0.0,0000
0.13383092439,0.13383092439,0.13383092439,0.13383092439,1.0,0.13383092439,0.0,0000
0.0,3.54823691796e-34,2.29653523622e-29,4.0461903437e-29,1.0,2.1701481902e-17,0.0125778317792,0000
0.0415207913297,0.0415207913297,0.0415207913297,0.0415207913297,1.0,0.0415207913297,0.0,0000
0.00619932172224,0.00619932172224,0.00619932172224,0.00619932172224,1.0,0.00619932172224,0.0,0000
0.0,1.48180310651e-34,7.63862446291e-30,1.84503147895e-29,1.0,1.51778563458e-17,0.0253997823025,0000
0.0989657960892,0.0989657960892,0.0989657960892,0.0989657960892,1.0,0.0989657960892,0.0,0000
0.0357242768794,0.0357242768794,0.0357242768794,0.0357242768794,1.0,0.0357242768794,0.0,0000
0.0107235684427,0.0107235684427,0.0107235684427,0.0107235684427,1.0,0.0107235684427,0.0,0000
0.116427524885,0.116427524885,0.116427524885,0.116427524885,1.0,0.116427524885,0.0,0000
0.0042279208114,0.0042279208114,0.0042279208114,0.0042279208114,1.0,0.0042279208114,0.0,0000
0.0161732197958,0.0161732197958,0.0161732197958,0.0161732197958,1.0,0.0161732197958,0.0,0000
0.00604343986959,0.00604343986959,0.00604343986959,0.00604343986959,1.0,0.00604343986959,0.0,0000
0.0185931529979,0.0185931529979,0.0185931529979,0.0185931529979,1.0,0.0185931529979,0.0,0000
0.00491577784415,0.00491577784415,0.00491577784415,0.00491577784415,1.0,0.00491577784415,0.0,0000
0.0,3.38036407205e-33,1.20689930255e-28,2.41236089443e-28,1.0,6.91365658082e-17,0.0249641923502,0000
0.00421929289706,0.00421929289706,0.00421929289706,0.00421929289706,1.0,0.00421929289706,0.0,0000
0.0514851703398,0.0514851703398,0.0514851703398,0.0514851703398,1.0,0.0514851703398,0.0,0000
0.0212829240222,0.0212829240222,0.0212829240222,0.0212829240222,1.0,0.0212829240222,0.0,0000
0.0,8.44633955399e-36,6.87405783138e-31,1.84277430057e-30,1.0,3.72297304375e-18,0.0706076985414,0000
0.042473048008,0.042473048008,0.042473048008,0.042473048008,1.0,0.042473048008,0.0,0000
0.0279408437636,0.0279408437636,0.0279408437636,0.0279408437636,1.0,0.0279408437636,0.0,0000
0.0382180815175,0.0382180815175,0.0382180815175,0.0382180815175,1.0,0.0382180815175,0.0,0000
0.0255230017286,0.0255230017286,0.0255230017286,0.0255230017286,1.0,0.0255230017286,0.0,0000
0.0,1.31510451166e-35,9.88128279538e-31,2.76783908871e-30,1.0,4.69106385943e-18,0.00132085049569,0000
0.00110168229594,0.00110168229594,0.00110168229594,0.00110168229594,1.0,0.00110168229594,0.0,0000
0.0695089808634,0.0695089808634,0.0695089808634,0.0695089808634,1.0,0.0695089808634,0.0,0000
0.0,2.16049667218e-35,1.3869600356e-30,4.17409736127e-30,1.0,6.12966656156e-18,0.0710930643572,0000
0.0249417896966,0.0249417896966,0.0249417896966,0.0249417896966,1.0,0.0249417896966,0.0,0000
0.0127058001265,0.0127058001265,0.0127058001265,0.0127058001265,1.0,0.0127058001265,0.0,0000
0.0971290969479,0.0971290969479,0.0971290969479,0.0971290969479,1.0,0.0971290969479,0.0,0000
0.0,2.27135299759e-35,1.72916195679e-30,4.20221327823e-30,1.0,5.95797804115e-18,0.0717655721706,0000
0.0,1.35735922464e-34,9.73781671979e-30,1.82046220469e-29,1.0,1.36244609259e-17,0.0204651552464,0000
0.0137811685532,0.0137811685532,0.0137811685532,0.0137811685532,1.0,0.0137811685532,0.0,0000
0.108364270238,0.108364270238,0.108364270238,0.108364270238,1.0,0.108364270238,0.0,0000
0.00567504044141,0.00567504044141,0.00567504044141,0.00567504044141,1.0,0.00567504044141,0.0,0000
0.0,8.95505658312e-32,2.31076644494e-27,4.5109524065e-27,1.0,3.53584392772e-16,0.0504121440725,0000
0.0488196215909,0.0488196215909,0.0488196215909,0.0488196215909,1.0,0.0488196215909,0.0,0000
0.0,2.72381530103e-35,2.25466824611e-30,4.57989658814e-30,1.0,6.23062224386e-18,0.0066630083492,0000
0.0,1.30521311367e-35,9.91311558983e-31,2.72269430049e-30,1.0,4.65419911641e-18,0.0534576027735,0000
0.0,4.33329102307e-36,4.80413672686e-31,8.99718545752e-31,1.0,2.43518073715e-18,1.72792633527e-05,0000
0.0370981165156,0.0370981165156,0.0370981165156,0.0370981165156,1.0,0.0370981165156,0.0,0000
0.0157224412775,0.0157224412775,0.0157224412775,0.0157224412775,1.0,0.0157224412775,0.0,0000
0.0,2.74439128295e-33,1.24243776053e-28,2.21030643629e-28,1.0,6.05034233991e-17,0.0263649432932,0000
0.00321342413212,0.00321342413212,0.00321342413212,0.00321342413212,1.0,0.00321342413212,0.0,0000
0.0,1.13824118191e-31,2.66791092799e-27,4.85828758628e-27,1.0,3.92166976908e-16,0.0534911238386,0004
0.0294885633793,0.0294885633793,0.0294885633793,0.0294885633793,1.0,0.0294885633793,0.0,0004
0.0832518843748,0.0832518843748,0.0832518843748,0.0832518843748,1.0,0.0832518843748,0.0,0004
0.0403617796583,0.0403617796583,0.0403617796583,0.0403617796583,1.0,0.0403617796583,0.0,0004
0.0382527223212,0.0382527223212,0.0382527223212,0.0382527223212,1.0,0.0382527223212,0.0,0004
0.0,1.65015803719e-32,5.28850366617e-28,8.91425432725e-28,1.0,1.46369031277e-16,0.00869876104604,0004
0.0203678348826,0.0203678348826,0.0203678348826,0.0203678348826,1.0,0.0203678348826,0.0,0004
0.0,1.92028579341e-32,4.40481000663e-28,1.15256307911e-27,1.0,1.76240028436e-16,0.00769019493215,0004
0.0,9.55059314786e-32,2.28369135408e-27,4.06142205245e-27,1.0,3.56965178824e-16,0.0478232944727,0004
0.0694760148283,0.0694760148283,0.0694760148283,0.0694760148283,1.0,0.0694760148283,0.0,0004
0.0,4.79958596562e-32,9.22672537165e-28,2.53387601377e-27,1.0,2.8212500199e-16,0.0380574836241,0004
0.0904779909979,0.0904779909979,0.0904779909979,0.0904779909979,1.0,0.0904779909979,0.0,0004
0.0,6.27816357414e-32,1.63255437925e-27,3.10622071295e-27,1.0,2.94238158931e-16,0.0110090719015,0004
0.0,1.58099844553e-30,2.30192691368e-26,4.84316893263e-26,1.0,1.51431683785e-15,0.00396540466514,0004
0.0,2.01461079024e-30,3.73192465257e-26,5.58029350905e-26,1.0,1.57079071561e-15,0.0575531719449,0004
0.0,1.02245567833e-30,1.43821907789e-26,4.03796642875e-26,1.0,1.31397140531e-15,0.134685607509,0004
0.108680425592,0.108680425592,0.108680425592,0.108680425592,1.0,0.108680425592,0.0,0004
0.0168878894575,0.0168878894575,0.0168878894575,0.0168878894575,1.0,0.0168878894575,0.0,0004
0.0465495531181,0.0465495531181,0.0465495531181,0.0465495531181,1.0,0.0465495531181,0.0,0004
0.0,4.26435966356e-31,7.56105694128e-27,1.68626159253e-26,1.0,7.97856874452e-16,0.0106105594635,0004
0.112221949728,0.112221949728,0.112221949728,0.112221949728,1.0,0.112221949728,0.0,0004
0.0,1.82939004821e-32,3.34034192799e-28,1.17259347181e-27,1.0,1.851410252e-16,0.0140381271884,0004
0.0351800593915,0.0351800593915,0.0351800593915,0.0351800593915,1.0,0.0351800593915,0.0,0004
0.98065636276,0.98065636276,0.98065636276,0.98065636276,0.0,0.98065636276,1.0,0004
0.0587288679788,0.0587288679788,0.0587288679788,0.0587288679788,1.0,0.0587288679788,0.0,0004
0.0345805318853,0.0345805318853,0.0345805318853,0.0345805318853,1.0,0.0345805318853,0.0,0004
0.00226718142544,0.00226718142544,0.00226718142544,0.00226718142544,1.0,0.00226718142561,0.0,0004
0.0,3.16276852559e-32,8.38161007586e-28,2.00504565546e-27,1.0,2.21613520589e-16,0.0896153793707,0004
0.0685693725188,0.0685693725188,0.0685693725188,0.0685693725188,1.0,0.0685693725188,0.0,0004
0.0,1.84032132622e-32,4.73115578723e-28,1.20529486262e-27,1.0,1.71856843476e-16,0.141617881764,0004
0.0,1.38172613724e-32,4.29990146867e-28,8.1224126884e-28,1.0,1.37805793134e-16,0.0283577599613,0004
0.0,2.37322236965e-32,7.08365918039e-28,1.19316794166e-27,1.0,1.75518771137e-16,0.0205461689761,0004
0.0502679473204,0.0502679473204,0.0502679473204,0.0502679473204,1.0,0.0502679473204,0.0,0004
0.15429703284,0.15429703284,0.15429703284,0.15429703284,1.0,0.15429703284,0.0,0004
0.051638074063,0.051638074063,0.051638074063,0.051638074063,1.0,0.051638074063,0.0,0004
0.0290451730357,0.0290451730357,0.0290451730357,0.0290451730357,1.0,0.0290451730357,0.0,0004
0.0,8.09209097827e-34,4.93213364877e-29,1.14006670889e-28,1.0,3.50776526373e-17,0.0605071687391,0004
0.0302812146451,0.0302812146451,0.0302812146451,0.0302812146451,1.0,0.0302812146451,0.0,0004
0.0836366021984,0.0836366021984,0.0836366021984,0.0836366021984,1.0,0.0836366021984,0.0,0004
0.0,3.01235410658e-35,3.45887042224e-30,6.42075898415e-30,1.0,6.41784460514e-18,0.0886775786562,0004
0.00668962064754,0.00668962064754,0.00668962064754,0.00668962064754,1.0,0.00668962064754,0.0,0004
0.0,9.25337071064e-34,4.28720188742e-29,7.95485836076e-29,1.0,3.55027757201e-17,0.00328396235898,0004
0.0675399581245,0.0675399581245,0.0675399581245,0.0675399581245,1.0,0.0675399581245,0.0,0004
0.0,4.12132963356e-31,1.10837467436e-26,2.1560060607e-26,1.0,7.60525855191e-16,0.117676745815,0004
0.061033318013,0.061033318013,0.061033318013,0.061033318013,1.0,0.061033318013,0.0,0004
0.0,4.32964322662e-35,3.72448828845e-30,6.70646133308e-30,1.0,7.62208467081e-18,0.00606903833668,0004
0.239060344092,0.239060344092,0.239060344092,0.239060344092,1.0,0.239060344092,0.0,0004
0.0479627745945,0.0479627745945,0.0479627745945,0.0479627745945,1.0,0.0479627745945,0.0,0004
0.0534260211052,0.0534260211052,0.0534260211052,0.0534260211052,1.0,0.0534260211052,0.0,0004
0.17771957896,0.17771957896,0.17771957896,0.17771957896,1.0,0.17771957896,0.0,0004
0.0,1.73046617829e-32,6.20020463404e-28,1.27637154558e-27,1.0,1.57634135143e-16,0.0501492677238,0004
0.0,1.51947559633e-32,6.60957621638e-28,1.5370196478e-27,1.0,1.52332313699e-16,0.0702772806983,0004
0.0221231382257,0.0221231382257,0.0221231382257,0.0221231382257,1.0,0.0221231382257,0.0,0004
0.0,8.80265036899e-36,8.67683622042e-31,1.70483498802e-30,1.0,3.51273825251e-18,0.0147508307377,0004
0.0145643244587,0.0145643244587,0.0145643244587,0.0145643244587,1.0,0.0145643244587,0.0,0004
0.0509792212849,0.0509792212849,0.0509792212849,0.0509792212849,1.0,0.0509792212849,0.0,0004
0.00331654526098,0.00331654526098,0.00331654526098,0.00331654526098,1.0,0.00331654526098,0.0,0004
0.0,1.09479038567e-32,2.19726765904e-28,6.89306660825e-28,1.0,1.39386458092e-16,0.0631999962904,0004
0.118441216673,0.118441216673,0.118441216673,0.118441216673,1.0,0.118441216673,0.0,0004
0.0235446136855,0.0235446136855,0.0235446136855,0.0235446136855,1.0,0.0235446136855,0.0,0004
0.0,1.12096801332e-32,5.01816683757e-28,7.84406625177e-28,1.0,1.18405950668e-16,0.0277274019723,0004
0.0381859452106,0.0381859452106,0.0381859452106,0.0381859452106,1.0,0.0381859452106,0.0,0004
0.0,5.00268897315e-34,2.39471333831e-29,6.18424796273e-29,1.0,2.8375789339e-17,0.0580319486936,0004
0.0593393204159,0.0593393204159,0.0593393204159,0.0593393204159,1.0,0.0593393204159,0.0,0004
0.0432537263837,0.0432537263837,0.0432537263837,0.0432537263837,1.0,0.0432537263837,0.0,0004
0.00501290494397,0.00501290494397,0.00501290494397,0.00501290494397,1.0,0.00501290494397,0.0,0004
0.0,2.34523505835e-29,1.98799018131e-25,6.23189677885e-25,1.0,6.45329139603e-15,0.0786592894828,0004
0.0319851093418,0.0319851093418,0.0319851093418,0.0319851093418,1.0,0.0319851093418,0.0,0004
0.0,4.69179071019e-32,9.80472126891e-28,2.52000356909e-27,1.0,2.75343372525e-16,0.138524946162,0007
0.0575246977164,0.0575246977164,0.0575246977164,0.0575246977164,1.0,0.0575246977164,0.0,0007
0.0808253839518,0.0808253839518,0.0808253839518,0.0808253839518,1.0,0.0808253839518,0.0,0007
0.0573739084176,0.0573739084176,0.0573739084176,0.0573739084176,1.0,0.0573739084176,0.0,0007
0.0,1.72661224553e-29,1.77650702783e-25,3.34443483062e-25,1.0,4.8651358513e-15,0.0136038372469,0007
0.106271094542,0.106271094542,0.106271094542,0.106271094542,1.0,0.106271094542,0.0,0007
0.0116393312109,0.0116393312109,0.0116393312109,0.0116393312109,1.0,0.0116393312109,0.0,0007
0.0,1.66299368928e-33,7.89303551692e-29,1.48364985706e-28,1.0,4.77578406334e-17,0.0288522312823,0007
0.0,6.57645426179e-32,1.47144232256e-27,3.16363339202e-27,1.0,3.10586550173e-16,0.0321749599672,0007
0.0,1.38983882769e-32,4.65723202814e-28,8.54483164168e-28,1.0,1.37201935397e-16,0.0152975404246,0007
0.0,3.61084810831e-35,3.4177973687e-30,6.71119134259e-30,1.0,7.11863630723e-18,0.0610327250681,0007
0.0,9.95176561303e-33,2.78105504585e-28,6.82162441992e-28,1.0,1.24753926993e-16,0.0437728576138,0007
0.0,1.18343624182e-35,1.23700192786e-30,2.63341615787e-30,1.0,4.15837901248e-18,0.0538560352794,0007
0.020579629537,0.020579629537,0.020579629537,0.020579629537,1.0,0.020579629537,0.0,0007
0.0211990140848,0.0211990140848,0.0211990140848,0.0211990140848,1.0,0.0211990140848,0.0,0007
0.0371574842144,0.0371574842144,0.0371574842144,0.0371574842144,1.0,0.0371574842144,0.0,0007
0.0304538468321,0.0304538468321,0.0304538468321,0.0304538468321,1.0,0.0304538468321,0.0,0007
0.0243353326004,0.0243353326004,0.0243353326004,0.0243353326004,1.0,0.0243353326004,0.0,0007
0.0,1.07364184443e-34,1.0413764767e-29,1.42317060219e-29,1.0,1.1200397544e-17,0.00736001796398,0007
0.0250994980237,0.0250994980237,0.0250994980237,0.0250994980237,1.0,0.0250994980237,0.0,0007
0.0,2.30816478333e-35,1.8577177914e-30,4.07056569741e-30,1.0,5.8453530703e-18,0.0178094404147,0007
0.019802195774,0.019802195774,0.019802195774,0.019802195774,1.0,0.019802195774,0.0,0007
0.00547968936737,0.00547968936737,0.00547968936737,0.00547968936737,1.0,0.00547968936737,0.0,0007
0.0,3.95092620084e-35,2.58668628759e-30,5.97798264432e-30,1.0,7.7519798456e-18,0.0339271372785,0007
0.0427390414292,0.0427390414292,0.0427390414292,0.0427390414292,1.0,0.0427390414292,0.0,0007
0.0,8.55957728314e-35,8.44024236999e-30,1.20304051179e-29,1.0,1.010890722e-17,0.00674824681122,0007
0.0,1.72221304529e-35,1.69031205016e-30,2.86608993935e-30,1.0,4.73551086483e-18,0.000800412681637,0007
0.066444036836,0.066444036836,0.066444036836,0.066444036836,1.0,0.066444036836,0.0,0009
0.0296352476627,0.0296352476627,0.0296352476627,0.0296352476627,1.0,0.0296352476627,0.0,0009
0.0191855139151,0.0191855139151,0.0191855139151,0.0191855139151,1.0,0.0191855139151,0.0,0009
0.0,3.4859680627e-36,3.52876139378e-31,9.72044030488e-31,1.0,2.40661705611e-18,0.0460937033751,0009
0.186714931982,0.186714931982,0.186714931982,0.186714931982,1.0,0.186714931982,0.0,0009
0.0248688643975,0.0248688643975,0.0248688643975,0.0248688643975,1.0,0.0248688643975,0.0,0009
0.175843898728,0.175843898728,0.175843898728,0.175843898728,1.0,0.175843898728,0.0,0009
0.0120760473367,0.0120760473367,0.0120760473367,0.0120760473367,1.0,0.0120760473367,0.0,0009
0.0,1.16021677412e-35,9.4561793785e-31,2.64513320345e-30,1.0,4.40535509477e-18,0.0174169341851,0009
0.0197952147003,0.0197952147003,0.0197952147003,0.0197952147003,1.0,0.0197952147003,0.0,0009
0.0,3.25733213647e-34,1.89976673437e-29,4.53357324056e-29,1.0,2.24306035528e-17,0.0228550728502,0009
0.0,1.50543303873e-36,2.49822266966e-31,5.14066904872e-31,1.0,1.46983143155e-18,0.0311159588386,0009
0.0385545685629,0.0385545685629,0.0385545685629,0.0385545685629,1.0,0.0385545685629,0.0,0009
0.00589259527193,0.00589259527193,0.00589259527193,0.00589259527193,1.0,0.00589259527193,0.0,0009
0.0183888647003,0.0183888647003,0.0183888647003,0.0183888647003,1.0,0.0183888647003,0.0,0009
0.0923078084126,0.0923078084126,0.0923078084126,0.0923078084126,1.0,0.0923078084126,0.0,0009
0.0,1.27508464967e-34,7.13395163305e-30,2.00724960894e-29,1.0,1.46359092315e-17,0.0578306570139,0009
0.0970610302068,0.0970610302068,0.0970610302068,0.0970610302068,1.0,0.0970610302068,0.0,0009
0.0,2.50863763072e-36,2.51165012146e-31,7.74651640384e-31,1.0,2.10065014175e-18,0.0570834387265,0009
0.0,2.26659055642e-34,9.82926856694e-30,3.96054711532e-29,1.0,2.13275800938e-17,0.00914626138977,0009
0.0,1.61596807515e-34,6.29159520681e-30,2.20490105207e-29,1.0,1.74267231189e-17,0.0972388144866,0009
0.0175533821463,0.0175533821463,0.0175533821463,0.0175533821463,1.0,0.0175533821463,0.0,0009
0.0,6.37793941968e-35,3.968617004e-30,1.28572998058e-29,1.0,1.07156379028e-17,0.0242601067139,0009
0.0547730500136,0.0547730500136,0.0547730500136,0.0547730500136,1.0,0.0547730500136,0.0,0009
0.0746354006812,0.0746354006812,0.0746354006812,0.0746354006812,1.0,0.0746354006812,0.0,0009
0.0133198538279,0.0133198538279,0.0133198538279,0.0133198538279,1.0,0.0133198538279,0.0,0009
0.0220059626472,0.0220059626472,0.0220059626472,0.0220059626472,1.0,0.0220059626472,0.0,0009
0.104721694571,0.104721694571,0.104721694571,0.104721694571,1.0,0.104721694571,0.0,0009
0.0225251253724,0.0225251253724,0.0225251253724,0.0225251253724,1.0,0.0225251253724,0.0,0009
0.0,2.25950181154e-36,2.43491805819e-31,7.1963355637e-31,1.0,1.97232499349e-18,0.0539341326053,0009
0.0,1.19046917989e-36,1.64164451548e-31,3.9850455241e-31,1.0,1.36170935985e-18,0.0240340559249,0009
0.0923877630583,0.0923877630583,0.0923877630583,0.0923877630583,1.0,0.0923877630583,0.0,0009
0.0,2.5968351933e-36,3.01736158682e-31,7.4628788271e-31,1.0,2.02093129355e-18,0.0124364113559,0009
0.0,2.98969588937e-36,3.36690011279e-31,8.76126834035e-31,1.0,2.1960983493e-18,0.0105741255868,0009
0.0089588708994,0.0089588708994,0.0089588708994,0.0089588708994,1.0,0.0089588708994,0.0,0009
0.0,2.41278762983e-35,2.03558724598e-30,5.19184988205e-30,1.0,6.20764298827e-18,0.0104357721889,0009
0.0,3.70328808157e-35,3.15805046569e-30,7.72874262095e-30,1.0,7.61050738953e-18,0.0108098758884,0009
0.0,3.77492243259e-36,3.86656995815e-31,1.27643641964e-30,1.0,2.62711825731e-18,0.113770693822,0009
0.0,1.23547253046e-35,1.3159980401e-30,2.87564544716e-30,1.0,4.27531509413e-18,0.0418899106758,0009
0.0,1.16047412467e-35,1.35064986447e-30,2.96332485537e-30,1.0,4.14972877275e-18,0.0658938797105,0009
0.060032709658,0.060032709658,0.060032709658,0.060032709658,1.0,0.060032709658,0.0,0009
0.0,2.98769838221e-36,3.3648047448e-31,8.75574898694e-31,1.0,2.19535998907e-18,0.0105315150373,0009
0.157479429464,0.157479429464,0.157479429464,0.157479429464,1.0,0.157479429464,0.0,0009
0.00541405305561,0.00541405305561,0.00541405305561,0.00541405305561,1.0,0.00541405305561,0.0,0009
0.0107257726868,0.0107257726868,0.0107257726868,0.0107257726868,1.0,0.0107257726868,0.0,0009
0.0701766080834,0.0701766080834,0.0701766080834,0.0701766080834,1.0,0.0701766080834,0.0,0009
0.0359045052696,0.0359045052696,0.0359045052696,0.0359045052696,1.0,0.0359045052696,0.0,0009
0.084503073637,0.084503073637,0.084503073637,0.084503073637,1.0,0.084503073637,0.0,0009
0.0261868726682,0.0261868726682,0.0261868726682,0.0261868726682,1.0,0.0261868726682,0.0,0009
0.0,4.82586043505e-36,4.51729253313e-31,1.36060172705e-30,1.0,2.8979518423e-18,0.0816535666678,0009
0.0,2.6752527561e-35,2.59370840945e-30,6.01480130876e-30,1.0,6.38307934574e-18,0.020028705551,0009
0.0,7.22333953709e-36,7.11481687567e-31,1.63711400378e-30,1.0,3.31161397117e-18,0.0464863772367,0009
0.0124730158176,0.0124730158176,0.0124730158176,0.0124730158176,1.0,0.0124730158176,0.0,0009
0.0583888722264,0.0583888722264,0.0583888722264,0.0583888722264,1.0,0.0583888722264,0.0,0009
0.0527887769537,0.0527887769537,0.0527887769537,0.0527887769537,1.0,0.0527887769537,0.0,0009
0.047675854045,0.047675854045,0.047675854045,0.047675854045,1.0,0.047675854045,0.0,0009
0.0667103941284,0.0667103941284,0.0667103941284,0.0667103941284,1.0,0.0667103941284,0.0,0009
0.0665514675308,0.0665514675308,0.0665514675308,0.0665514675308,1.0,0.0665514675308,0.0,0009
0.0,4.685185693e-36,4.79156620059e-31,1.49118651332e-30,1.0,2.88110807539e-18,0.0933977882415,0009
0.0702461529655,0.0702461529655,0.0702461529655,0.0702461529655,1.0,0.0702461529655,0.0,0009
0.0,1.1981708781e-36,1.67812912524e-31,3.99403584507e-31,1.0,1.35941639798e-18,0.0226579983685,0009
0.0201687908004,0.0201687908004,0.0201687908004,0.0201687908004,1.0,0.0201687908004,0.0,0009
0.144904068777,0.144904068777,0.144904068777,0.144904068777,1.0,0.144904068777,0.0,0009
0.0219422155385,0.0219422155385,0.0219422155385,0.0219422155385,1.0,0.0219422155385,0.0,0009
0.0348493100893,0.0348493100893,0.0348493100893,0.0348493100893,1.0,0.0348493100893,0.0,0009
0.00120702597623,0.00120702597623,0.00120702597623,0.00120702597623,1.0,0.00120702597623,0.0,0009
0.0,6.23749874633e-36,5.98860497499e-31,1.66775307369e-30,1.0,3.23065729931e-18,0.0771395307525,0009
0.0280521356542,0.0280521356542,0.0280521356542,0.0280521356542,1.0,0.0280521356542,0.0,0009
0.0,3.00376349775e-36,3.76575951671e-31,9.05695894368e-31,1.0,2.15862215086e-18,0.0238699387709,0009
0.0515702684831,0.0515702684831,0.0515702684831,0.0515702684831,1.0,0.0515702684831,0.0,0009
0.0316647074437,0.0316647074437,0.0316647074437,0.0316647074437,1.0,0.0316647074437,0.0,0009
0.0682741037981,0.0682741037981,0.0682741037981,0.0682741037981,1.0,0.0682741037981,0.0,0010
0.0197523859603,0.0197523859603,0.0197523859603,0.0197523859603,1.0,0.0197523859603,0.0,0010
0.0670135448116,0.0670135448116,0.0670135448116,0.0670135448116,1.0,0.0670135448116,0.0,0010
0.0344176779724,0.0344176779724,0.0344176779724,0.0344176779724,1.0,0.0344176779724,0.0,0010
0.0146526272316,0.0146526272316,0.0146526272316,0.0146526272316,1.0,0.0146526272316,0.0,0010
0.0277621546103,0.0277621546103,0.0277621546103,0.0277621546103,1.0,0.0277621546103,0.0,0010
0.00533619263642,0.00533619263642,0.00533619263642,0.00533619263642,1.0,0.00533619263642,0.0,0010
0.00353441696728,0.00353441696728,0.00353441696728,0.00353441696728,1.0,0.00353441696729,0.0,0010
0.0605630945227,0.0605630945227,0.0605630945227,0.0605630945227,1.0,0.0605630945227,0.0,0010
0.0041623465435,0.0041623465435,0.0041623465435,0.0041623465435,1.0,0.0041623465435,0.0,0010
0.0166184632807,0.0166184632807,0.0166184632807,0.0166184632807,1.0,0.0166184632807,0.0,0010
0.000588716786236,0.000588716786236,0.000588716786236,0.000588716786236,1.0,0.000588716786236,0.0,0010
0.0,5.31376607826e-34,2.17110799471e-29,5.01886394184e-29,1.0,2.84253773758e-17,0.0166450079317,0010
0.0491678522725,0.0491678522725,0.0491678522725,0.0491678522725,1.0,0.0491678522725,0.0,0010
0.0031312259017,0.0031312259017,0.0031312259017,0.0031312259017,1.0,0.0031312259017,0.0,0010
0.0234093698649,0.0234093698649,0.0234093698649,0.0234093698649,1.0,0.0234093698649,0.0,0010
0.0354575517614,0.0354575517614,0.0354575517614,0.0354575517614,1.0,0.0354575517614,0.0,0010
0.0393672842186,0.0393672842186,0.0393672842186,0.0393672842186,1.0,0.0393672842186,0.0,0010
0.0208941982743,0.0208941982743,0.0208941982743,0.0208941982743,1.0,0.0208941982743,0.0,0010
0.00743744457966,0.00743744457966,0.00743744457966,0.00743744457966,1.0,0.00743744457966,0.0,0010
0.004143965086,0.004143965086,0.004143965086,0.004143965086,1.0,0.004143965086,0.0,0010
0.0110225846786,0.0110225846786,0.0110225846786,0.0110225846786,1.0,0.0110225846786,0.0,0010
0.00218870065524,0.00218870065524,0.00218870065524,0.00218870065524,1.0,0.00218870065524,0.0,0010
0.0851960344604,0.0851960344604,0.0851960344604,0.0851960344604,1.0,0.0851960344604,0.0,0010
0.0,9.6665062851e-36,8.4447626733e-31,1.97927192467e-30,1.0,3.84705270591e-18,0.0132868329818,0010
0.0161793483229,0.0161793483229,0.0161793483229,0.0161793483229,1.0,0.0161793483229,0.0,0010
0.098808365873,0.098808365873,0.098808365873,0.098808365873,1.0,0.098808365873,0.0,0010
0.00714248471687,0.00714248471687,0.00714248471687,0.00714248471687,1.0,0.00714248471687,0.0,0010
0.0149829752237,0.0149829752237,0.0149829752237,0.0149829752237,1.0,0.0149829752237,0.0,0010
0.00922709622,0.00922709622,0.00922709622,0.00922709622,1.0,0.00922709622,0.0,0010
0.0,7.36140966716e-36,6.37901070259e-31,1.61457001985e-30,1.0,3.42216124996e-18,0.00280234398449,0010
0.0137752690998,0.0137752690998,0.0137752690998,0.0137752690998,1.0,0.0137752690998,0.0,0010
0.0259225995445,0.0259225995445,0.0259225995445,0.0259225995445,1.0,0.0259225995445,0.0,0010
0.0317355118036,0.0317355118036,0.0317355118036,0.0317355118036,1.0,0.0317355118036,0.0,0010
0.0769589949264,0.0769589949264,0.0769589949264,0.0769589949264,1.0,0.0769589949264,0.0,0010
0.0,9.52711679088e-36,1.03130331972e-30,2.10745757771e-30,1.0,3.6906022468e-18,0.0155210679175,0010
0.00996851932197,0.00996851932197,0.00996851932197,0.00996851932197,1.0,0.00996851932197,0.0,0010
0.0418743281436,0.0418743281436,0.0418743281436,0.0418743281436,1.0,0.0418743281436,0.0,0010
0.0610092888826,0.0610092888826,0.0610092888826,0.0610092888826,1.0,0.0610092888826,0.0,0010
0.0823272184941,0.0823272184941,0.0823272184941,0.0823272184941,1.0,0.0823272184941,0.0,0010
0.0168662107357,0.0168662107357,0.0168662107357,0.0168662107357,1.0,0.0168662107357,0.0,0010
0.0105337145619,0.0105337145619,0.0105337145619,0.0105337145619,1.0,0.0105337145619,0.0,0010
0.0,3.13641980336e-34,1.69666597322e-29,3.72937241478e-29,1.0,2.15640521569e-17,0.00567358488533,0010
0.0479358061461,0.0479358061461,0.0479358061461,0.0479358061461,1.0,0.0479358061461,0.0,0010
0.0,1.19944961281e-35,1.12283506623e-30,2.16179303369e-30,1.0,4.08006648672e-18,0.0360980280797,0010
0.00796644603307,0.00796644603307,0.00796644603307,0.00796644603307,1.0,0.00796644603307,0.0,0010
0.00742093432119,0.00742093432119,0.00742093432119,0.00742093432119,1.0,0.00742093432119,0.0,0010
0.0,3.72268676682e-36,3.69747434068e-31,7.87298129925e-31,1.0,2.33079193807e-18,0.0138020243855,0010
0.00218016758178,0.00218016758178,0.00218016758178,0.00218016758178,1.0,0.00218016758178,0.0,0010
0.0279773244085,0.0279773244085,0.0279773244085,0.0279773244085,1.0,0.0279773244085,0.0,0010
0.038954810265,0.038954810265,0.038954810265,0.038954810265,1.0,0.038954810265,0.0,0010
0.0,9.66434870578e-36,8.44287051418e-31,1.97863514188e-30,1.0,3.84653003967e-18,0.0133016049639,0010
0.0137782218068,0.0137782218068,0.0137782218068,0.0137782218068,1.0,0.0137782218068,0.0,0010
0.03912898713,0.03912898713,0.03912898713,0.03912898713,1.0,0.03912898713,0.0,0010
0.0261267594245,0.0261267594245,0.0261267594245,0.0261267594245,1.0,0.0261267594245,0.0,0010
0.0261267594245,0.0261267594245,0.0261267594245,0.0261267594245,1.0,0.0261267594245,0.0,0010
0.0591077648767,0.0591077648767,0.0591077648767,0.0591077648767,1.0,0.0591077648767,0.0,0010
0.00996934721782,0.00996934721782,0.00996934721782,0.00996934721782,1.0,0.00996934721782,0.0,0010
0.0,1.02698111092e-34,7.05086246748e-30,1.54736064585e-29,1.0,1.23375375822e-17,0.0318289600395,0010
0.0237779866511,0.0237779866511,0.0237779866511,0.0237779866511,1.0,0.0237779866511,0.0,0010
0.0,9.73346060234e-36,8.62561448744e-31,1.79872970351e-30,1.0,3.74930041355e-18,0.0148683552321,0010
0.0105167699998,0.0105167699998,0.0105167699998,0.0105167699998,1.0,0.0105167699998,0.0,0010
0.0769396276049,0.0769396276049,0.0769396276049,0.0769396276049,1.0,0.0769396276049,0.0,0010
0.00836030675723,0.00836030675723,0.00836030675723,0.00836030675723,1.0,0.00836030675723,0.0,0010
0.0418652601712,0.0418652601712,0.0418652601712,0.0418652601712,1.0,0.0418652601712,0.0,0010
0.0149818935123,0.0149818935123,0.0149818935123,0.0149818935123,1.0,0.0149818935123,0.0,0010
0.00924798178036,0.00924798178036,0.00924798178036,0.00924798178036,1.0,0.00924798178036,0.0,0010
0.00407331069442,0.00407331069442,0.00407331069442,0.00407331069442,1.0,0.00407331069442,0.0,0010
0.0,6.32775237654e-36,5.94025418479e-31,1.24205420949e-30,1.0,3.02525975098e-18,0.0223440544618,0010
0.0163553813081,0.0163553813081,0.0163553813081,0.0163553813081,1.0,0.0163553813081,0.0,0010
0.00426655542772,0.00426655542772,0.00426655542772,0.00426655542772,1.0,0.00426655542772,0.0,0010
0.0,4.07606108065e-35,3.10457124578e-30,6.83075655626e-30,1.0,7.77572880065e-18,0.00615048956034,0010
0.000424593269279,0.000424593269279,0.000424593269279,0.000424593269279,1.0,0.000424593269279,0.0,0010
0.0739902820548,0.0739902820548,0.0739902820548,0.0739902820548,1.0,0.0739902820548,0.0,0010
0.00714158654208,0.00714158654208,0.00714158654208,0.00714158654208,1.0,0.00714158654208,0.0,0010
0.000683562514422,0.000683562514422,0.000683562514422,0.000683562514422,1.0,0.000683562514422,0.0,0010
0.00776572021398,0.00776572021398,0.00776572021398,0.00776572021398,1.0,0.00776572021398,0.0,0010
0.00849578834538,0.00849578834538,0.00849578834538,0.00849578834538,1.0,0.00849578834538,0.0,0010
0.000825320130109,0.000825320130109,0.000825320130109,0.000825320130109,1.0,0.000825320130109,0.0,0010
0.0386111982712,0.0386111982712,0.0386111982712,0.0386111982712,1.0,0.0386111982712,0.0,0010
0.0254763452698,0.0254763452698,0.0254763452698,0.0254763452698,1.0,0.0254763452698,0.0,0010
0.018079320376,0.018079320376,0.018079320376,0.018079320376,1.0,0.018079320376,0.0,0010
0.0479343901826,0.0479343901826,0.0479343901826,0.0479343901826,1.0,0.0479343901826,0.0,0010
0.00378273976105,0.00378273976105,0.00378273976105,0.00378273976105,1.0,0.00378273976105,0.0,0010
0.0627752192654,0.0627752192654,0.0627752192654,0.0627752192654,1.0,0.0627752192654,0.0,0014
0.0,1.4994826894e-29,1.35835203921e-25,2.45233612402e-25,1.0,4.48963009292e-15,0.0397220829544,0014
0.0,1.50518971935e-30,1.76354517938e-26,3.9673772304e-26,1.0,1.50279609942e-15,0.0264674799228,0014
0.0,2.90027672749e-30,3.21729646396e-26,6.37683237318e-26,1.0,2.02087485136e-15,0.0195925391172,0014
0.0,2.80222641622e-30,2.97473791106e-26,6.40124518515e-26,1.0,2.02753334087e-15,0.0135651187304,0014
0.0155431911234,0.0155431911234,0.0155431911234,0.0155431911234,1.0,0.0155431911234,0.0,0014
8.23545621006e-05,8.23545621006e-05,8.23545621006e-05,8.23545621006e-05,1.0,8.2354562101e-05,0.0,0014
0.0589416378801,0.0589416378801,0.0589416378801,0.0589416378801,1.0,0.0589416378801,0.0,0014
0.0189433667901,0.0189433667901,0.0189433667901,0.0189433667901,1.0,0.0189433667901,0.0,0014
0.00958332605757,0.00958332605757,0.00958332605757,0.00958332605757,1.0,0.00958332605757,0.0,0014
0.0157630011449,0.0157630011449,0.0157630011449,0.0157630011449,1.0,0.0157630011449,0.0,0014
0.00735217849915,0.00735217849915,0.00735217849915,0.00735217849915,1.0,0.00735217849915,0.0,0014
0.0,8.10788443334e-34,3.66794707424e-29,7.21214221834e-29,1.0,3.3723155513e-17,0.0257702762121,0014
0.0356798295837,0.0356798295837,0.0356798295837,0.0356798295837,1.0,0.0356798295837,0.0,0014
0.00681416772086,0.00681416772086,0.00681416772086,0.00681416772086,1.0,0.00681416772086,0.0,0014
0.00950780103871,0.00950780103871,0.00950780103871,0.00950780103871,1.0,0.00950780103871,0.0,0014
0.0,4.68561746003e-32,9.5037860259e-28,2.80786327854e-27,1.0,2.83637255768e-16,0.0286604039258,0014
0.0,1.49690488756e-31,2.79188016579e-27,5.96243375361e-27,1.0,4.67722098413e-16,0.00949380165765,0014
0.129031130412,0.129031130412,0.129031130412,0.129031130412,1.0,0.129031130412,0.0,0014
0.0,2.50521761972e-30,2.30002784939e-26,5.72299583676e-26,1.0,1.9878994262e-15,0.0021459715593,0014
0.0147364236132,0.0147364236132,0.0147364236132,0.0147364236132,1.0,0.0147364236132,0.0,0014
0.0122782766782,0.0122782766782,0.0122782766782,0.0122782766782,1.0,0.0122782766782,0.0,0014
0.0341874502063,0.0341874502063,0.0341874502063,0.0341874502063,1.0,0.0341874502063,0.0,0014
0.0349313967014,0.0349313967014,0.0349313967014,0.0349313967014,1.0,0.0349313967014,0.0,0014
0.0,6.97266706085e-36,6.38319115933e-31,1.45233205766e-30,1.0,3.24308502113e-18,0.0157473547419,0014
0.00957408350355,0.00957408350355,0.00957408350355,0.00957408350355,1.0,0.00957408350355,0.0,0014
0.0,6.17693653314e-36,5.60919716893e-31,1.25782019083e-30,1.0,3.04147731007e-18,0.0130805576734,0014
0.047768409336,0.047768409336,0.047768409336,0.047768409336,1.0,0.047768409336,0.0,0014
0.0,1.04448418191e-33,4.61675576694e-29,8.65370682281e-29,1.0,3.78150577216e-17,0.00464607338475,0014
0.0341261700609,0.0341261700609,0.0341261700609,0.0341261700609,1.0,0.0341261700609,0.0,0014
0.0299850497094,0.0299850497094,0.0299850497094,0.0299850497094,1.0,0.0299850497094,0.0,0014
0.00815362616749,0.00815362616749,0.00815362616749,0.00815362616749,1.0,0.00815362616749,0.0,0014
0.00369702287114,0.00369702287114,0.00369702287114,0.00369702287114,1.0,0.00369702287114,0.0,0014
0.0393665777072,0.0393665777072,0.0393665777072,0.0393665777072,1.0,0.0393665777072,0.0,0014
0.0195437161532,0.0195437161532,0.0195437161532,0.0195437161532,1.0,0.0195437161532,0.0,0014
0.0223968647038,0.0223968647038,0.0223968647038,0.0223968647038,1.0,0.0223968647038,0.0,0014
0.0,7.28745534246e-35,5.26663124464e-30,9.8888059062e-30,1.0,9.9928894142e-18,0.00200574081698,0014
0.0,3.07812798047e-34,1.5223811707e-29,3.26420417476e-29,1.0,2.12301903772e-17,0.0133954437449,0014
0.0,1.36749504781e-36,1.48212131762e-31,3.75440045781e-31,1.0,1.47518515879e-18,0.0133438475538,0014
0.0,3.76187227621e-36,4.40777754734e-31,7.96062255799e-31,1.0,2.24853818827e-18,0.0144728626709,0014
0.0156626422613,0.0156626422613,0.0156626422613,0.0156626422613,1.0,0.0156626422613,0.0,0014
0.0114757090474,0.0114757090474,0.0114757090474,0.0114757090474,1.0,0.0114757090474,0.0,0014
0.0324819381849,0.0324819381849,0.0324819381849,0.0324819381849,1.0,0.0324819381849,0.0,0014
0.0324819381849,0.0324819381849,0.0324819381849,0.0324819381849,1.0,0.0324819381849,0.0,0014
0.0,6.17453074878e-36,5.60720702431e-31,1.2573644934e-30,1.0,3.04087906054e-18,0.0130707378902,0014
0.0,6.96988854888e-36,5.86514945947e-31,1.48074829922e-30,1.0,3.32784894663e-18,0.00217264546084,0014
0.0,1.04448418191e-33,4.61675576694e-29,8.65370682281e-29,1.0,3.78150577216e-17,0.00464607338475,0014
0.034125883405,0.034125883405,0.034125883405,0.034125883405,1.0,0.034125883405,0.0,0014
0.00815281320255,0.00815281320255,0.00815281320255,0.00815281320255,1.0,0.00815281320255,0.0,0014
0.0287881597405,0.0287881597405,0.0287881597405,0.0287881597405,1.0,0.0287881597405,0.0,0014
0.0,1.50528211618e-36,1.82164313097e-31,4.08104526586e-31,1.0,1.50102638958e-18,0.00488032453595,0014
0.0097508863585,0.0097508863585,0.0097508863585,0.0097508863585,1.0,0.0097508863585,0.0,0014
0.0392797268419,0.0392797268419,0.0392797268419,0.0392797268419,1.0,0.0392797268419,0.0,0014
0.0456309763682,0.0456309763682,0.0456309763682,0.0456309763682,1.0,0.0456309763682,0.0,0014
0.0171428330942,0.0171428330942,0.0171428330942,0.0171428330942,1.0,0.0171428330942,0.0,0014
0.0,8.60381578895e-35,5.15759566623e-30,1.08815331669e-29,1.0,1.11791658863e-17,0.00579585695156,0014
0.0,7.07269428702e-36,6.44155898347e-31,1.47085402178e-30,1.0,3.26918480387e-18,0.0158536787427,0014
0.0,3.52947311524e-36,4.20933935711e-31,7.51335866937e-31,1.0,2.17151651083e-18,0.00539929438596,0014
0.0,4.55084853392e-36,3.24650355419e-31,1.10376663753e-30,1.0,2.9110462637e-18,0.1473196161,0014
0.0,1.07895221847e-34,6.79153554624e-30,1.344707815e-29,1.0,1.23234065623e-17,0.0258391373146,0014
0.0,9.50105333049e-36,8.25126489548e-31,1.83625938134e-30,1.0,3.76479781433e-18,0.00499152728001,0014
0.0370622279351,0.0370622279351,0.0370622279351,0.0370622279351,1.0,0.0370622279351,0.0,0014
0.032653976464,0.032653976464,0.032653976464,0.032653976464,1.0,0.032653976464,0.0,0014
0.0317569309866,0.0317569309866,0.0317569309866,0.0317569309866,1.0,0.0317569309866,0.0,0014
0.019789794724,0.019789794724,0.019789794724,0.019789794724,1.0,0.019789794724,0.0,0014
0.0566541745816,0.0566541745816,0.0566541745816,0.0566541745816,1.0,0.0566541745816,0.0,0014
0.0428162544638,0.0428162544638,0.0428162544638,0.0428162544638,1.0,0.0428162544638,0.0,0014
0.00957411359443,0.00957411359443,0.00957411359443,0.00957411359443,1.0,0.00957411359443,0.0,0014
0.002145163796,0.002145163796,0.002145163796,0.002145163796,1.0,0.002145163796,0.0,0014
0.0162225511132,0.0162225511132,0.0162225511132,0.0162225511132,1.0,0.0162225511132,0.0,0014
0.0,2.00464465549e-35,2.11526563601e-30,3.68413832033e-30,1.0,5.14374578225e-18,0.0140591039523,0014
0.0128398689623,0.0128398689623,0.0128398689623,0.0128398689623,1.0,0.0128398689623,0.0,0014
0.0349263781157,0.0349263781157,0.0349263781157,0.0349263781157,1.0,0.0349263781157,0.0,0014
0.0,1.45168155126e-35,1.05300694744e-30,2.91278002885e-30,1.0,4.91424898983e-18,0.0239808389749,0014
0.0,2.58423051653e-36,3.26053746637e-31,6.12146563777e-31,1.0,1.88173027654e-18,0.00179086033387,0014
0.0,4.30094913395e-36,4.13616586579e-31,1.01570751201e-30,1.0,2.59660471545e-18,0.0280001241229,0014
0.0,7.43136338105e-41,3.70880822582e-35,1.2684435583e-34,1.0,1.17231665183e-20,0.0037160949814,0014
0.0257210937909,0.0257210937909,0.0257210937909,0.0257210937909,1.0,0.0257210937909,0.0,0015
0.0163012365361,0.0163012365361,0.0163012365361,0.0163012365361,1.0,0.0163012365361,0.0,0015
0.165213945917,0.165213945917,0.165213945917,0.165213945917,1.0,0.165213945917,0.0,0015
0.0,1.59603543483e-34,9.2992499965e-30,1.91982707336e-29,1.0,1.5144723271e-17,0.0183462510611,0015
0.0135405474224,0.0135405474224,0.0135405474224,0.0135405474224,1.0,0.0135405474224,0.0,0015
0.024604774348,0.024604774348,0.024604774348,0.024604774348,1.0,0.024604774348,0.0,0015
0.0102571745615,0.0102571745615,0.0102571745615,0.0102571745615,1.0,0.0102571745615,0.0,0015
0.0,1.59360203946e-32,4.55568571451e-28,9.00492716166e-28,1.0,1.49669352283e-16,0.0242477536973,0015
0.0,1.54139041413e-31,3.06025255364e-27,5.77761357744e-27,1.0,4.60205829056e-16,0.00769820350383,0015
0.0,1.54139041413e-31,3.06025255364e-27,5.77761357744e-27,1.0,4.60205829056e-16,0.00769820350383,0015
0.0801943740746,0.0801943740746,0.0801943740746,0.0801943740746,1.0,0.0801943740746,0.0,0015
0.016060146004,0.016060146004,0.016060146004,0.016060146004,1.0,0.016060146004,0.0,0015
0.00731194089791,0.00731194089791,0.00731194089791,0.00731194089791,1.0,0.00731194089791,0.0,0015
0.0202463012908,0.0202463012908,0.0202463012908,0.0202463012908,1.0,0.0202463012908,0.0,0015
0.0104454856631,0.0104454856631,0.0104454856631,0.0104454856631,1.0,0.0104454856631,0.0,0015
0.0,5.76073569413e-32,1.38254646534e-27,2.64036814299e-27,1.0,2.82164644232e-16,0.013113671557,0015
0.0,5.76073569413e-32,1.38254646534e-27,2.64036814299e-27,1.0,2.82164644232e-16,0.013113671557,0015
0.00461582634176,0.00461582634176,0.00461582634176,0.00461582634176,1.0,0.00461582634176,0.0,0015
0.0141105187705,0.0141105187705,0.0141105187705,0.0141105187705,1.0,0.0141105187705,0.0,0015
0.0,4.2809862308e-35,3.54947724223e-30,6.21450435667e-30,1.0,7.52640152856e-18,0.00692660380466,0015
0.0100885563533,0.0100885563533,0.0100885563533,0.0100885563533,1.0,0.0100885563533,0.0,0015
0.0,1.31591400304e-30,1.95843681443e-26,3.56313909887e-26,1.0,1.33250177052e-15,0.0307574870394,0015
0.0,3.07075222178e-31,5.15454095317e-27,1.03069662699e-26,1.0,6.59055348868e-16,0.0246622499075,0015
0.0,1.90968083235e-32,5.78176500872e-28,1.0103111931e-27,1.0,1.58884788643e-16,0.00564762069205,0015
0.0338549690345,0.0338549690345,0.0338549690345,0.0338549690345,1.0,0.0338549690345,0.0,0015
0.00270134206673,0.00270134206673,0.00270134206673,0.00270134206673,1.0,0.00270134206673,0.0,0015
0.0,9.36336558827e-36,8.18817379522e-31,1.81548853472e-30,1.0,3.73349441027e-18,0.0128320300008,0015
0.0,2.54554059666e-35,2.33455161342e-30,4.22811239707e-30,1.0,5.85295960126e-18,0.00246938087299,0015
0.0190348092426,0.0190348092426,0.0190348092426,0.0190348092426,1.0,0.0190348092426,0.0,0015
0.0,3.19373742722e-36,3.43620306021e-31,7.21535405993e-31,1.0,2.15127892411e-18,0.00643440754067,0015
0.0,7.98371512825e-34,3.88788855388e-29,6.90961982665e-29,1.0,3.26251360165e-17,0.0116590228443,0015
0.00821007168072,0.00821007168072,0.00821007168072,0.00821007168072,1.0,0.00821007168072,0.0,0015
0.0448313642063,0.0448313642063,0.0448313642063,0.0448313642063,1.0,0.0448313642063,0.0,0015
0.0154083784777,0.0154083784777,0.0154083784777,0.0154083784777,1.0,0.0154083784777,0.0,0015
0.0292889723162,0.0292889723162,0.0292889723162,0.0292889723162,1.0,0.0292889723162,0.0,0015
0.0175983438361,0.0175983438361,0.0175983438361,0.0175983438361,1.0,0.0175983438361,0.0,0015
0.0,1.20396105166e-35,1.01144526914e-30,2.20642504365e-30,1.0,4.21736644156e-18,0.0211993601944,0015
0.0298317760302,0.0298317760302,0.0298317760302,0.0298317760302,1.0,0.0298317760302,0.0,0015
0.0,8.21389561129e-37,1.04161507736e-31,2.6021254675e-31,1.0,1.13967575552e-18,0.0391995652373,0015
0.00811788966804,0.00811788966804,0.00811788966804,0.00811788966804,1.0,0.00811788966804,0.0,0015
0.0587107438387,0.0587107438387,0.0587107438387,0.0587107438387,1.0,0.0587107438387,0.0,0015
0.0122576422487,0.0122576422487,0.0122576422487,0.0122576422487,1.0,0.0122576422487,0.0,0015
0.0,2.84540864325e-34,1.6376508735e-29,2.99832449302e-29,1.0,1.96224446612e-17,0.0147303023468,0015
0.0,5.33283971241e-35,4.39950968914e-30,7.56142431604e-30,1.0,8.36138788029e-18,0.0160493079335,0015
0.0,2.18099450637e-36,2.75564107691e-31,5.54480183457e-31,1.0,1.75889845698e-18,0.00541721381753,0015
0.0,5.98171828647e-36,5.89167254833e-31,1.20963885493e-30,1.0,2.92758318615e-18,0.0150427669498,0015
0.0,2.03352883617e-35,1.47265398879e-30,3.36289464078e-30,1.0,5.5451145507e-18,0.0352639916446,0015
0.0797347159116,0.0797347159116,0.0797347159116,0.0797347159116,1.0,0.0797347159116,0.0,0015
0.0107882027544,0.0107882027544,0.0107882027544,0.0107882027544,1.0,0.0107882027544,0.0,0015
0.0,3.15495281547e-36,3.44154234721e-31,7.58252016803e-31,1.0,2.16396003667e-18,0.00722960260569,0015
0.0548678854242,0.0548678854242,0.0548678854242,0.0548678854242,1.0,0.0548678854242,0.0,0015
0.0,2.16891898077e-35,1.72532943922e-30,3.67494321925e-30,1.0,5.63032918994e-18,0.0541845359457,0015
0.0279830313325,0.0279830313325,0.0279830313325,0.0279830313325,1.0,0.0279830313325,0.0,0015
0.00820998386221,0.00820998386221,0.00820998386221,0.00820998386221,1.0,0.00820998386221,0.0,0015
0.0692502593733,0.0692502593733,0.0692502593733,0.0692502593733,1.0,0.0692502593733,0.0,0015
0.00556103816949,0.00556103816949,0.00556103816949,0.00556103816949,1.0,0.00556103816949,0.0,0015
0.0619299844312,0.0619299844312,0.0619299844312,0.0619299844312,1.0,0.0619299844312,0.0,0015
0.0229709199074,0.0229709199074,0.0229709199074,0.0229709199074,1.0,0.0229709199074,0.0,0015
0.0411800069693,0.0411800069693,0.0411800069693,0.0411800069693,1.0,0.0411800069693,0.0,0015
0.00596297957369,0.00596297957369,0.00596297957369,0.00596297957369,1.0,0.00596297957369,0.0,0015
0.0,1.15400215617e-35,1.39548918429e-30,2.13598306782e-30,1.0,3.77900219863e-18,0.0329359606454,0015
0.00900016412419,0.00900016412419,0.00900016412419,0.00900016412419,1.0,0.00900016412419,0.0,0015
0.00458509032189,0.00458509032189,0.00458509032189,0.00458509032189,1.0,0.00458509032189,0.0,0015
0.013061493116,0.013061493116,0.013061493116,0.013061493116,1.0,0.013061493116,0.0,0015
0.040514444258,0.040514444258,0.040514444258,0.040514444258,1.0,0.040514444258,0.0,0015
0.00831377251524,0.00831377251524,0.00831377251524,0.00831377251524,1.0,0.00831377251524,0.0,0015
0.0292893863531,0.0292893863531,0.0292893863531,0.0292893863531,1.0,0.0292893863531,0.0,0015
0.0262031112982,0.0262031112982,0.0262031112982,0.0262031112982,1.0,0.0262031112982,0.0,0015
0.0152006130947,0.0152006130947,0.0152006130947,0.0152006130947,1.0,0.0152006130947,0.0,0015
0.0381604966981,0.0381604966981,0.0381604966981,0.0381604966981,1.0,0.0381604966981,0.0,0015
0.0,2.90542840137e-36,3.78172994313e-31,7.18901227656e-31,1.0,2.00151448668e-18,0.0201178511157,0015
0.00940681298476,0.00940681298476,0.00940681298476,0.00940681298476,1.0,0.00940681298476,0.0,0015
0.00754263312423,0.00754263312423,0.00754263312423,0.00754263312423,1.0,0.00754263312423,0.0,0015
0.00962126076687,0.00962126076687,0.00962126076687,0.00962126076687,1.0,0.00962126076687,0.0,0015
0.0,2.13444978812e-35,1.81116044229e-30,3.70282986895e-30,1.0,5.52441334845e-18,0.00317118734045,0015
0.0295689639804,0.0295689639804,0.0295689639804,0.0295689639804,1.0,0.0295689639804,0.0,0015
0.0171554873349,0.0171554873349,0.0171554873349,0.0171554873349,1.0,0.0171554873349,0.0,0015
0.021404083583,0.021404083583,0.021404083583,0.021404083583,1.0,0.021404083583,0.0,0015
0.0,5.83740354935e-36,5.53650353639e-31,1.20670874563e-30,1.0,2.93594642113e-18,0.0208093288633,0015
0.0,7.5028465249e-36,8.03799224587e-31,1.51684547261e-30,1.0,3.21057904519e-18,0.0159181737065,0015
0.0,1.41644898551e-32,5.09452311872e-28,8.08148191833e-28,1.0,1.33553945506e-16,0.0010582198414,0016
0.0,9.98404223184e-33,4.28359171121e-28,8.64780901217e-28,1.0,1.19348939994e-16,0.0955628788027,0016
0.0200057534435,0.0200057534435,0.0200057534435,0.0200057534435,1.0,0.0200057534435,0.0,0016
0.00483528717779,0.00483528717779,0.00483528717779,0.00483528717779,1.0,0.00483528717779,0.0,0016
0.0,1.27805155745e-31,2.37986061887e-27,6.54758519801e-27,1.0,4.62757978315e-16,0.148741706615,0016
0.0,7.24611608101e-32,1.2968563436e-27,3.64762778138e-27,1.0,3.48007390667e-16,0.0319517566637,0016
0.0,6.93001800753e-34,5.20094307895e-29,1.10465624834e-28,1.0,3.17863993808e-17,0.0538983854981,0016
0.0,3.90602313729e-34,2.52742502123e-29,4.16600156303e-29,1.0,2.23984612763e-17,0.046422971719,0016
0.0,3.86732112699e-33,1.57720578875e-28,2.48436334855e-28,1.0,6.96750714753e-17,0.0292393072785,0016
0.0,1.80009656971e-34,1.09499731325e-29,2.57532813733e-29,1.0,1.66994471442e-17,0.150360245723,0016
0.0,5.58798802201e-35,3.58882430952e-30,9.74230511198e-30,1.0,9.62034079812e-18,0.119766542423,0016
0.0,6.38369765454e-35,4.86935866321e-30,1.1608869796e-29,1.0,9.94265167804e-18,0.0853959931548,0016
0.0,6.30544512554e-36,7.76294912455e-31,1.66420549888e-30,1.0,3.04518821976e-18,0.0943779215686,0016
0.0,1.75656926267e-32,3.59343106732e-28,9.8841145944e-28,1.0,1.70926706202e-16,0.0868188306933,0016
0.0,2.98498010618e-34,2.12239026408e-29,3.46981181576e-29,1.0,1.95341888868e-17,0.010061441168,0016
0.0,3.007627696e-35,3.06730940697e-30,4.83772014569e-30,1.0,6.15039092245e-18,0.0604595967413,0016
0.0,2.05776008195e-33,9.59987427991e-29,2.02406044618e-28,1.0,5.49026984488e-17,0.139166821395,0016
0.0,9.63263372362e-34,4.10601118428e-29,9.68358856434e-29,1.0,3.84740075942e-17,0.0385491551566,0016
0.0,1.06089420426e-33,4.12209917458e-29,1.22449957209e-28,1.0,4.27622026281e-17,0.012697238022,0016
0.0,1.18719389684e-34,8.93937243608e-30,1.54704142609e-29,1.0,1.24978652858e-17,0.0171665325919,0016
0.0,1.43189199546e-34,1.55481322713e-29,2.38612058156e-29,1.0,1.33198018082e-17,0.0358719377613,0016
0.0,4.82275947716e-34,2.08198385377e-29,5.15430896581e-29,1.0,2.7565220208e-17,0.0529875764064,0016
0.000559284907291,0.000559284907291,0.000559284907291,0.000559284907291,1.0,0.000559284907291,0.0,0016
0.0,3.04249413278e-33,1.274316713e-28,2.20419224574e-28,1.0,6.32910266854e-17,0.0682739270434,0016
0.0,5.74666630392e-34,5.32852568453e-29,7.44267713665e-29,1.0,2.60617247492e-17,0.011683431303,0016
0.0,1.99681010565e-35,2.42286209042e-30,3.78265892371e-30,1.0,4.99727643019e-18,0.0489974051422,0016
0.0,8.41336285185e-36,7.32569280582e-31,1.68434568034e-30,1.0,3.57877804123e-18,0.100555930999,0016
0.0,4.99781319222e-37,6.86996840394e-32,1.54691387049e-31,1.0,8.66979815004e-19,0.0823206379918,0016
0.0,2.04775134512e-35,3.39283108985e-30,4.21203684228e-30,1.0,4.77618006707e-18,0.0194843206351,0016
0.0,5.5570383476e-36,6.91181155246e-31,1.26598139949e-30,1.0,2.74426030346e-18,0.0672456859744,0016
0.0,3.51274374007e-33,1.50119788591e-28,2.60164325758e-28,1.0,6.80479632537e-17,0.0612037961345,0016
0.0,1.39406357995e-32,3.47732037379e-28,8.33064468982e-28,1.0,1.46865401253e-16,0.0335986456509,0016
0.0,5.44087426188e-36,1.09305066876e-30,1.38149994772e-30,1.0,2.47333477519e-18,0.0167315422392,0016
0.0,1.08696079104e-35,1.1705909053e-30,1.96374965713e-30,1.0,3.75250847397e-18,0.0209307235253,0016
0.0,1.05053609003e-36,1.29915290994e-31,3.07353443914e-31,1.0,1.27295009314e-18,0.0821917920351,0016
0.000829956061597,0.000829956061597,0.000829956061597,0.000829956061597,1.0,0.000829956061597,0.0,0016
0.0,1.09783516367e-35,9.22342260796e-31,2.4488498806e-30,1.0,4.23305663972e-18,0.0608578662861,0016
0.0,3.84873760978e-36,3.54973743821e-31,1.00801358038e-30,1.0,2.55582972762e-18,0.12040696894,0016
0.0,2.01555711836e-35,3.01520679342e-30,4.17513143303e-30,1.0,4.87165700188e-18,0.0360769083177,0016
0.0,1.97065053765e-35,2.34738529603e-30,3.46688327e-30,1.0,4.89302239008e-18,0.0106072066687,0016
0.0,6.00863731154e-36,9.05229924828e-31,1.36457577293e-30,1.0,2.71654872748e-18,0.0289437151564,0016
0.0,2.28703545487e-34,1.95879515724e-29,3.33575126172e-29,1.0,1.72756457743e-17,0.0199278135802,0016
0.0,5.77660505085e-32,1.61919939422e-27,2.73046651488e-27,1.0,2.74088608799e-16,0.0553905710999,0016
0.0,2.84947662862e-36,3.41165510973e-31,6.79489405822e-31,1.0,2.00694804638e-18,0.0715661910357,0016
0.0,1.81879154984e-30,2.71991639154e-26,4.94501998365e-26,1.0,1.56774147955e-15,0.0669501167795,0016
0.0,4.58406927253e-35,7.30534386443e-30,8.39696020165e-30,1.0,7.01045279367e-18,0.00192460205682,0016
0.0,4.17836714828e-35,3.66730590591e-30,7.3960836882e-30,1.0,7.7161149494e-18,0.0968897513055,0016
0.0,2.9804380652e-36,5.49118463527e-31,8.90161879412e-31,1.0,1.95061115473e-18,0.0793951534506,0016
0.0,4.10334654788e-35,4.87641302601e-30,7.5053170391e-30,1.0,7.13683085192e-18,0.0394954131235,0016
0.0,3.41003380146e-34,1.71841723938e-29,3.55178718523e-29,1.0,2.21458077112e-17,0.0293255497039,0016
0.0,2.2933940899e-36,4.40047084084e-31,6.37475756358e-31,1.0,1.66209844443e-18,0.0405119095729,0016
0.0,1.47069674898e-34,7.53448795619e-30,2.30266558364e-29,1.0,1.60540430656e-17,0.0775659967267,0016
0.0,4.66022907722e-36,8.57746080038e-31,1.27357332635e-30,1.0,2.38372080237e-18,0.0354371661189,0016
0.0,2.35230765905e-35,3.32153525797e-30,4.48885316443e-30,1.0,5.23033747554e-18,0.0277443722792,0016
0.0,1.6868379679e-35,2.00064993782e-30,3.35015810275e-30,1.0,4.67682273391e-18,0.0677469881328,0016
0.00335144030624,0.00335144030624,0.00335144030624,0.00335144030624,1.0,0.00335144030624,0.0,0016
0.0,2.07414797571e-36,4.07904811889e-31,5.64693076456e-31,1.0,1.56222988973e-18,0.0281313040811,0016
0.0,8.4999193201e-36,7.82501123209e-31,1.90811150602e-30,1.0,3.65159074263e-18,0.0965265504962,0016
0.0,1.36861038974e-34,8.42285706011e-30,1.73261745685e-29,1.0,1.40465985022e-17,0.10842215525,0016
0.0,9.14165429215e-37,1.29072584728e-31,2.54642469537e-31,1.0,1.13346131833e-18,0.0384333700962,0016
0.0,1.21054218583e-35,1.4136958205e-30,2.27816251903e-30,1.0,3.92097856484e-18,0.0321309578737,0016
0.0,1.01614319996e-36,1.4267233292e-31,2.84006468623e-31,1.0,1.1995564057e-18,0.0983800637298,0016
0.0021697801107,0.0021697801107,0.0021697801107,0.0021697801107,1.0,0.0021697801107,0.0,0016
0.0,2.85275282115e-35,2.85741645023e-30,5.0776926003e-30,1.0,6.17681170324e-18,0.0893913255866,0016
0.0,7.29981671359e-35,7.48768974216e-30,1.06107962237e-29,1.0,9.32214942364e-18,0.0169201012074,0016
0.0034801856709,0.0034801856709,0.0034801856709,0.0034801856709,1.0,0.0034801856709,0.0,0016
0.0,4.67438321811e-35,3.32961869049e-30,7.13251668077e-30,1.0,8.2829098316e-18,0.0829640297269,0016
0.0,3.41651566468e-35,4.23125771175e-30,6.04554250932e-30,1.0,6.39255292421e-18,0.0362153956325,0016
0.0,5.26659446325e-37,1.06296340509e-31,1.56745241777e-31,1.0,7.99726867796e-19,0.00888875256944,0016
0.0,1.90397069971e-35,2.51448912167e-30,3.55284118093e-30,1.0,4.75982712004e-18,0.0581535664785,0016
0.0,4.8958767265e-34,4.18473871115e-29,5.64041154804e-29,1.0,2.38454618238e-17,0.0271372148164,0016
0.00273929232865,0.00273929232865,0.00273929232865,0.00273929232865,1.0,0.00273929232865,0.0,0016
0.0,2.07358825252e-36,4.08433048199e-31,5.64988079393e-31,1.0,1.56170869854e-18,0.0279229176739,0016
0.0,4.23898869348e-35,5.03588044217e-30,6.77066995724e-30,1.0,7.01103073926e-18,0.0103970821641,0016
0.0,7.16985368552e-35,7.13916747761e-30,1.07468640295e-29,1.0,9.39169012484e-18,0.0731967755306,0016
0.0,3.27910658795e-35,2.33039159787e-30,5.58044178745e-30,1.0,7.14017342711e-18,0.100392020525,0016
0.0,1.19134492221e-36,2.45679740765e-31,3.71909457015e-31,1.0,1.21058044933e-18,0.0111188245733,0016
0.0,1.58055961521e-36,2.23493383534e-31,4.42203803098e-31,1.0,1.49148707439e-18,0.045762575791,0016
0.0,6.40527833725e-36,4.78705546347e-31,1.90228041653e-30,1.0,3.57765147809e-18,0.124573197506,0016
0.0,3.76874184124e-34,2.46240130093e-29,4.35680497102e-29,1.0,2.24255961005e-17,0.0886752553797,0016
0.0,7.9527054021e-34,4.77767122629e-29,7.25919861786e-29,1.0,3.13104499629e-17,0.0116358134758,0016
0.0,3.70053074056e-32,1.51351370915e-27,1.94366269047e-27,1.0,2.04787210282e-16,0.0124713093854,0016
0.0,7.46749154106e-32,2.21276940981e-27,2.99670145257e-27,1.0,2.94774261103e-16,0.000402780008337,0016
