72455147.2241,3.50587697963e+15,2.95316950106e+19,6.21414883254e+19,2.66089541361e+39,3.67928540964e+27,-7.84897845364e+37,0000
50014528.0539,1.68581649936e+15,1.36858605225e+19,2.76895508394e+19,5.38022682503e+38,1.13682556127e+27,3.28770316363e+37,0000
69172610.0384,2.99578584566e+15,2.5060447094e+19,6.1658511803e+19,2.42232530756e+39,3.37474393981e+27,8.24610097532e+37,0000
79430675.2541,3.48517416693e+15,1.97886155807e+19,6.94301131273e+19,2.56742352354e+39,4.09842878026e+27,1.77205112681e+38,0000
161327951.897,1.4784095073e+16,1.24708459148e+20,3.95621842293e+20,8.78561141536e+40,4.81033102775e+28,-1.85091180423e+39,0000
288944972.668,5.842295219e+16,1.06071005472e+21,2.00344773933e+21,2.92046060707e+42,4.84249132725e+29,-2.34647908255e+40,0000
1643819074.4,1.89508414245e+18,8.09375437764e+22,1.61286090194e+23,1.84228331787e+46,2.22029732104e+32,-4.22100872323e+44,0000
44294608115.4,1.11017276768e+21,1.94535682372e+26,5.56616349545e+26,1.83059128479e+53,1.85386308363e+37,6.11516420521e+51,0000
11313321836.7,8.54295559812e+19,8.64241634509e+24,1.8784440238e+25,2.39305368745e+50,1.73610024477e+35,-4.0613986187e+48,0000
10022879100.3,8.01571751717e+19,1.2918714024e+25,1.90232538583e+25,2.98080647351e+50,1.70247886284e+35,9.11753710785e+48,0000
7543906906.04,3.41194222199e+19,2.70284561012e+24,7.42185278483e+24,3.31870308685e+49,4.33304651468e+34,-1.90019039059e+48,0000
8113632472.89,4.51643550643e+19,4.7920221209e+24,9.5493959682e+24,6.4560916217e+49,6.4174610658e+34,-2.2068477778e+48,0000
2657365304.56,4.63575470653e+18,2.20250439886e+23,4.80855328321e+23,1.56454844268e+47,1.03517309771e+33,-3.20362730661e+45,0000
13502382315.2,1.20238239634e+20,1.46940428834e+25,3.33265554003e+25,7.37484421738e+50,3.65421600657e+35,-2.93624943953e+48,0000
95285745.3954,5.83795577133e+15,4.75888792552e+19,1.11129415111e+20,8.08052191213e+39,8.49097149856e+27,1.30776288994e+38,0000
151111023.971,1.40228301785e+16,1.40311044008e+20,3.53166485083e+20,7.85303122283e+40,4.18177159995e+28,3.68582841288e+39,0000
5281252112.68,1.93044715101e+19,1.81576998692e+24,3.19257142702e+24,7.67582089624e+48,1.40271542619e+34,-4.09287809754e+47,0000
6078096792.77,2.46551014599e+19,1.93735009716e+24,4.11372899057e+24,1.16122789508e+49,2.04245759686e+34,-1.57829847099e+47,0000
6158266099.8,2.1128477484e+19,1.37626049547e+24,3.93076285037e+24,9.06310823229e+48,1.80674121957e+34,-1.20233648837e+48,0000
3213275054.07,6.98241447194e+18,3.78123018137e+23,7.69692957237e+23,4.1518686068e+47,2.03385244165e+33,6.25155473962e+45,0000
3096829451.44,6.0064586333e+18,3.27329905667e+23,8.22113494405e+23,4.26329830655e+47,2.01476413622e+33,-1.10104426408e+46,0000
722726748.906,3.91535771242e+17,1.18958602776e+22,1.95353598055e+22,2.97802915893e+44,1.22237941121e+31,-6.71279604072e+41,0000
1785307672.32,2.3182469755e+18,1.07998089325e+23,1.86593613569e+23,2.64875368497e+46,2.84102718079e+32,-1.93806841583e+44,0000
1135867975.12,7.60290058872e+17,2.36272741364e+22,5.75700167448e+22,2.09839722487e+45,5.01978305108e+31,-3.23919789851e+44,0000
2515318629.81,4.7340854623e+18,3.08464309763e+23,5.46482462059e+23,2.2435483984e+47,1.18894365377e+33,2.69633890527e+45,0000
8537970090.77,4.81339768815e+19,4.64364430657e+24,9.75088692633e+24,6.55523610454e+49,6.76398806547e+34,-2.84040362126e+48,0000
7329449637.97,4.03432196772e+19,4.01224717868e+24,6.60358344975e+24,3.39902396705e+49,4.19434897945e+34,-2.20268849453e+47,0000
4093175500.7,1.06919028213e+19,5.47768998543e+23,1.34250805649e+24,1.15090656092e+48,4.38977995139e+33,2.85955285625e+46,0000
9565713810.68,4.47729872942e+19,2.54560027021e+24,1.01912957264e+25,5.16212768676e+49,6.81799355304e+34,-5.45391745572e+48,0000
46620011416.4,1.2853675737e+21,2.41374133675e+26,6.06895824344e+26,2.32129662047e+53,2.17406646314e+37,-8.42637468253e+51,0000
5005086882.77,1.50939870528e+19,8.65832502874e+23,2.38817955076e+24,3.43395194644e+48,9.27657726527e+33,-3.54892665039e+46,0000
6158277608.4,2.11285832793e+19,1.37627191107e+24,3.9307825451e+24,9.06321476904e+48,1.80675479576e+34,-1.20234422461e+48,0000
9441151117.57,6.00220397408e+19,5.8713824235e+24,1.23863548988e+25,1.05628661979e+50,9.59619117641e+34,-4.35126168921e+47,0000
11313600143.5,8.54328014083e+19,8.64256407762e+24,1.87852680892e+25,2.39323245122e+50,1.73620977607e+35,-4.06104979978e+48,0000
13434376749.3,1.40945573213e+20,2.21358017827e+25,3.4928258932e+25,9.71192745137e+50,4.14667631747e+35,-5.74788917731e+48,0000
5340157036.63,1.8649420137e+19,1.24655340307e+24,2.74112744982e+24,5.06594041913e+48,1.18358959447e+34,-1.02691263314e+47,0000
13463012776.8,1.1957186845e+20,1.46188307258e+25,3.31072969054e+25,7.28342589482e+50,3.62010557065e+35,-3.89129354249e+48,0000
1388245295.18,1.30500784438e+18,4.64397278343e+22,9.41694854071e+22,6.22557246385e+45,1.07567988099e+32,1.52838048967e+44,0000
1415300187.81,1.40168626974e+18,4.96275179403e+22,9.78617082761e+22,6.81986584465e+45,1.15859786868e+32,-3.15073825291e+43,0000
8642529624.31,5.13501313965e+19,6.11046475883e+24,1.09027684281e+25,8.88557818836e+49,7.81281045543e+34,-4.88979853471e+48,0000
5188568932.81,1.88619766646e+19,2.00274375116e+24,3.61978205748e+24,9.7440679631e+48,1.57206626688e+34,-2.04926547195e+47,0000
10341553828.2,6.39957188765e+19,5.2154359308e+24,1.40056605494e+25,1.19412975492e+50,1.12029377083e+35,8.31044948875e+48,0000
5562878773.5,1.99017380787e+19,1.39456001034e+24,3.28462865346e+24,7.02267353675e+48,1.46527075092e+34,-3.18266760841e+47,0000
10217396997.1,7.99611926068e+19,1.03951991794e+25,1.63533494281e+25,2.13128647787e+50,1.46226211879e+35,-6.2163444438e+48,0000
7734975567.88,3.95900876389e+19,3.54026442605e+24,7.54122686311e+24,3.89353833003e+49,4.74496483906e+34,-1.53308662946e+48,0000
2178188423.52,2.85989579764e+18,1.30117586485e+23,3.28948861701e+23,6.80322975345e+46,5.562721466e+32,-1.76099405515e+45,0000
8842758881.64,4.54925925991e+19,3.43149590255e+24,9.6420370758e+24,5.54617824632e+49,6.50277274653e+34,1.25671802729e+47,0000
8193047915.34,4.92644645586e+19,4.51384683276e+24,7.69986058976e+24,4.53939157408e+49,5.40442350009e+34,-2.28569512285e+46,0000
15905664651.2,1.46913429124e+20,1.28426979167e+25,3.76285089736e+25,8.24958326361e+50,4.56070470596e+35,-6.06788957596e+49,0000
7749295228.61,3.40548149844e+19,2.19923446265e+24,6.60732120658e+24,2.51264310001e+49,3.85570721075e+34,1.74355852488e+48,0000
7836783802.71,4.00875457284e+19,3.47799049819e+24,7.16140865958e+24,3.57295102859e+49,4.53383966723e+34,-8.90410747051e+47,0000
6078239103.28,2.46561375885e+19,1.93738940713e+24,4.11386813372e+24,1.16129859169e+49,2.04256958683e+34,-1.5784065899e+47,0000
9578794234.71,3.86593988012e+19,2.2341854751e+24,1.19671328498e+25,6.15391070293e+49,7.44076469511e+34,-6.47883378344e+48,0000
7203736720.83,3.16705386069e+19,2.40341281528e+24,5.9098987334e+24,2.22176857383e+49,3.32579903063e+34,1.57276792125e+48,0000
3590706478.64,8.90468509874e+18,6.38950355395e+23,1.20521064449e+24,1.057389106e+48,3.59640207743e+33,2.19042994267e+46,0000
7614257053.1,3.66958191266e+19,3.40388140745e+24,7.81372697425e+24,4.02930543402e+49,4.7323677175e+34,-5.75990118992e+47,0000
6392074070.03,2.20883754998e+19,1.27106227065e+24,3.94856366424e+24,8.78644437605e+48,1.85573659811e+34,-1.02390429388e+48,0000
5062285978.43,1.77665791131e+19,1.28282062703e+24,2.53342219327e+24,4.56705422837e+48,1.06783376241e+34,-2.79881895599e+46,0000
395816647.97,9.80828002421e+16,2.49728509038e+21,4.95831016507e+21,1.74201199818e+43,1.55133402202e+30,9.78072459211e+41,0000
4138298242.12,1.02663933767e+19,6.59262519071e+23,1.57766390963e+24,1.6067446331e+48,5.05500727779e+33,-8.48038983621e+46,0000
6608284642.14,2.94784352696e+19,2.43419993438e+24,5.00519999287e+24,1.74703695262e+49,2.71749156122e+34,1.0726014186e+47,0000
8768113069.76,4.61422996756e+19,3.50653328335e+24,9.70791675601e+24,5.65569814788e+49,6.59437866315e+34,3.0770787493e+48,0000
12671922131.3,1.14123791484e+20,1.26426774471e+25,2.37940031001e+25,4.12687009842e+50,2.54188051693e+35,2.67313331897e+46,0000
8662143751.6,4.86941936258e+19,3.75438487472e+24,8.5161410525e+24,4.8119062043e+49,5.94265396957e+34,-1.83777794202e+48,0000
3220018922.3,6.58730599059e+18,3.77483551298e+23,9.18350096648e+23,5.40618947907e+47,2.35693310109e+33,-9.71887497711e+45,0000
1302024419.71,1.19862240064e+18,5.40195508212e+22,9.74695723605e+22,7.06990149816e+45,1.06696793875e+32,1.95342353394e+44,0000
1590909588.75,1.63055042227e+18,6.39062826377e+22,1.51238030148e+23,1.48683522397e+46,1.9311560445e+32,-2.15188017265e+43,0000
386877437.124,1.05930929683e+17,2.48234012339e+21,4.57687867346e+21,1.54069062567e+43,1.48953018075e+30,7.89396002706e+41,0004
406838754.29,9.06653448857e+16,1.44019954509e+21,4.37403810274e+21,1.09743573087e+43,1.31703214879e+30,-2.94276572722e+41,0004
655370031.427,2.72026470202e+17,6.76246402853e+21,1.5577962423e+22,1.59196491003e+44,8.12285042681e+30,-1.48645525317e+43,0004
194482352.307,2.70514639246e+16,4.26218122828e+20,8.34952533589e+20,4.97646687493e+41,1.37242301695e+29,-2.10321703032e+40,0004
497258817.214,1.53247294134e+17,3.01948134444e+21,7.30117543375e+21,3.42562087847e+43,2.85805760346e+30,-1.30737748307e+42,0004
770809688.472,4.34068368667e+17,1.39268370582e+22,2.37796641364e+22,4.32726240538e+44,1.5666602775e+31,4.31493712479e+42,0004
391712658.918,1.03986173392e+17,2.00073640628e+21,4.23671102995e+21,1.23319690015e+43,1.36616772736e+30,-2.7221131572e+41,0004
787265121.582,3.63697006371e+17,8.31727106854e+21,2.19511678522e+22,2.96602071437e+44,1.32375782261e+31,1.04473590554e+42,0004
417007009.437,1.22984091221e+17,2.92575892439e+21,5.28039666256e+21,2.0731401206e+43,1.85121476705e+30,9.85796610919e+41,0004
393294735.646,9.88303168263e+16,2.16482904995e+21,4.77876218839e+21,1.5322014317e+43,1.5019586088e+30,-1.21852958814e+42,0004
578322745.926,1.96241613861e+17,3.74364195929e+21,1.04833187069e+22,6.56259689788e+43,4.64399880167e+30,2.51864622033e+42,0004
163935737.179,1.71162558144e+16,2.217960785e+20,4.64891444887e+20,1.48512406593e+41,6.08061298857e+28,-1.51279232328e+40,0004
463856139.836,1.47077478062e+17,3.83206591339e+21,7.38634799897e+21,3.92966023919e+43,2.83235679864e+30,2.08794688223e+41,0004
159767156.114,1.64421421761e+16,2.38531858905e+20,5.11899725639e+20,1.78874221348e+41,6.56372014655e+28,6.40627157583e+38,0004
130831949.254,1.34622322098e+16,2.47094427259e+20,3.82117501082e+20,1.17176867593e+41,4.43331827437e+28,7.48816230569e+39,0004
174628703.352,1.76377215215e+16,2.50836292273e+20,7.12154974131e+20,2.98497721871e+41,9.45215409294e+28,3.86798293963e+40,0004
591021801.584,2.25676820292e+17,6.08619679043e+21,1.22593163247e+22,1.05112718263e+44,5.82294758628e+30,-1.28416626272e+43,0004
359350992.103,8.63156434789e+16,1.65185045975e+21,3.69860452469e+21,9.14076492467e+42,1.08660720377e+30,-1.51533808353e+41,0004
463935607.191,1.43819059249e+17,3.31959260572e+21,6.55147569255e+21,3.05171377243e+43,2.48454752546e+30,-1.4758824247e+42,0004
232032781.947,3.59975358483e+16,6.38221832389e+20,1.43546731601e+21,1.3739328518e+42,2.72300576947e+29,9.45486982143e+39,0004
1938361002.59,2.15471455109e+18,9.18106019211e+22,2.56211642823e+23,3.89811506977e+46,3.75769403409e+32,-4.96181921121e+45,0004
857535135.547,3.95936987862e+17,7.27823466297e+21,2.55738100052e+22,3.48868026159e+44,1.60915875749e+31,5.02299789598e+42,0004
94526816.4613,5.51604317419e+15,4.67451274655e+19,1.14795957116e+20,8.40268876988e+39,8.52537104671e+27,-3.32517108909e+38,0004
32146270.4253,1.5501856732e+14,5.85721603239e+16,8.74272758192e+18,-6.2532070277e+36,1.08034982013e+26,-1.96001677871e+35,0004
45674726.0118,1.35931380032e+15,1.3608023017e+19,2.91380994346e+19,5.7883778768e+38,1.07256544201e+27,-3.99609447771e+37,0004
50937257.7836,1.60905955829e+15,1.60454749575e+19,3.70704129724e+19,9.03560000706e+38,1.48575739734e+27,-3.13006729083e+37,0004
4741264.76024,2.15657546178e+13,1.17880151469e+17,1.27281041852e+17,1.55906028433e+34,5.91054380537e+23,-5.81085239829e+31,0004
557328088.175,2.00501798376e+17,5.37096810106e+21,1.2921543002e+22,1.07224185842e+44,5.78589699759e+30,9.5201327015e+42,0004
577314506.503,1.78483431627e+17,5.00530650802e+21,1.5121672759e+22,1.31247660822e+44,6.38351496133e+30,-9.02141251102e+42,0004
735411724.908,3.32398593039e+17,8.46490241717e+21,2.21374814731e+22,3.00139321962e+44,1.27368983979e+31,4.18454318176e+43,0004
818769230.22,4.63466534947e+17,1.44961110897e+22,2.7598258723e+22,5.51783655933e+44,1.87844059071e+31,1.58652305472e+43,0004
685133041.271,3.43763602273e+17,1.0232028037e+22,1.74870987881e+22,2.33862616725e+44,1.02528540557e+31,4.93569015799e+42,0004
341442490.431,7.04260916066e+16,1.11760538076e+21,2.82533776388e+21,5.01332404411e+42,7.49762183944e+29,-2.68944274575e+41,0004
475420233.054,1.25762291462e+17,3.276464999e+21,9.53571180894e+21,5.24798637883e+43,3.3814801945e+30,-9.31785186624e+42,0004
140717978.259,1.07562206023e+16,8.39016997939e+19,2.99695280155e+20,4.7420980497e+40,3.10780465677e+28,-3.11457121232e+39,0004
384595725.264,6.75323866574e+16,1.24751456547e+21,5.42066557984e+21,1.4089864522e+43,1.40298667866e+30,-4.22233487562e+41,0004
1575215071.07,1.53757122295e+18,9.31150497224e+22,2.16965786234e+23,3.07872722652e+46,2.68819583262e+32,1.78118212311e+45,0004
5471443171.92,1.75025018671e+19,1.0825950933e+24,3.41045958506e+24,6.55040934565e+48,1.42569219322e+34,-1.90691088223e+47,0004
212522792.945,2.16892948101e+16,2.81597941985e+20,1.26087736119e+21,7.49343900051e+41,1.85313556821e+29,-5.4433592307e+40,0004
4949387585.82,1.67377079167e+19,1.92980146925e+24,3.61327055316e+24,9.50657566864e+48,1.47804522087e+34,8.13148182476e+47,0004
856109550.325,5.01947841625e+17,1.40370577982e+22,2.81354843345e+22,5.5912612995e+44,1.99332012576e+31,-3.76553810864e+42,0004
2105158111.57,3.11188707574e+18,1.43765813603e+23,2.69336988484e+23,5.29990420067e+46,4.75121743154e+32,2.21520762014e+44,0004
4516317863.83,1.28156515813e+19,1.7353847645e+24,3.7571192101e+24,9.56890733935e+48,1.34427168997e+34,-6.8748945985e+47,0004
185701942.594,2.10726217026e+16,5.52409111809e+20,1.10072182797e+21,8.52896924686e+41,1.59741070093e+29,9.62899563107e+40,0004
3660555062.02,8.72562291848e+18,6.78713103968e+23,1.48714025066e+24,1.49055952674e+48,4.3882518309e+33,-1.02362694798e+47,0004
5350246991.23,2.0516915137e+19,1.76806667226e+24,3.20368436008e+24,7.62452585301e+48,1.45108912507e+34,5.44130120737e+46,0004
2505741980.2,3.44822136911e+18,2.26675826716e+23,5.42689891294e+23,1.81469005053e+47,1.00549372882e+33,-5.74311649112e+46,0004
10853750424.4,6.58026389958e+19,4.20222291238e+24,1.4748116258e+25,1.15960353601e+50,1.19624025335e+35,-5.7585367902e+48,0004
7216162363.79,3.55330923391e+19,2.96980934082e+24,5.84270029311e+24,2.43003939182e+49,3.48267061172e+34,-1.35225208256e+48,0004
235476177.53,3.09566630978e+16,6.47566474263e+20,1.50253334553e+21,1.44889111622e+42,2.64339478635e+29,-3.11999257119e+41,0004
623659600.833,2.59389308069e+17,9.46706754326e+21,1.95184069646e+22,2.64932201291e+44,9.93920779858e+30,1.43883960511e+43,0004
547343089.228,1.89084451767e+17,8.63731945098e+21,1.9687532677e+22,2.56279068622e+44,8.55753324531e+30,1.52076853076e+43,0004
877246957.725,5.954271017e+17,3.65893626899e+22,5.88247729768e+22,2.72812061484e+45,4.53783896447e+31,-7.27225191813e+43,0004
9862363735.92,6.6594920801e+19,6.54926398904e+24,1.29612378549e+25,1.19403824598e+50,1.05767607055e+35,1.77037848841e+48,0004
886789651.753,5.4776219741e+17,1.97898315045e+22,3.64384154572e+22,9.78395159932e+44,2.69653596181e+31,-1.42374633818e+43,0004
9217569080.25,5.76793768543e+19,6.74014126052e+24,1.35029024095e+25,1.2863721206e+50,1.02517710474e+35,-6.81475647428e+48,0004
303288304.115,5.60598421052e+16,7.32028002162e+20,1.76691744171e+21,2.00950097724e+42,4.1832906385e+29,-4.75523372277e+38,0004
1070987554.4,6.46763972305e+17,1.30635354453e+22,4.11503496246e+22,9.52125423703e+44,3.30929645061e+31,6.12406309288e+43,0004
2541953419.23,3.91551457149e+18,2.8002217223e+23,6.34590672267e+23,2.64909413649e+47,1.2557058772e+33,-3.71957000926e+46,0004
2228869974.17,3.17732647822e+18,1.33119858183e+23,3.13836151976e+23,6.41348436091e+46,5.59414591183e+32,-1.24519149668e+45,0004
690994183.731,3.70767227179e+17,1.6420865105e+22,2.62388854424e+22,5.44428165859e+44,1.59768465431e+31,1.54809622676e+43,0004
392227065.556,1.07360876588e+17,3.45689921581e+21,6.8767935671e+21,3.35086352265e+43,2.25172091223e+30,-1.1722679352e+42,0004
2376049274.67,3.33703883108e+18,1.58249260116e+23,4.17047079932e+23,1.06956110988e+47,7.61795471988e+32,6.26117421108e+45,0004
7755971708.28,2.61925368979e+19,2.05179114253e+24,9.49146741996e+24,4.18064038848e+49,4.85243129566e+34,-2.57744860948e+48,0004
5285058268.42,1.72742424122e+19,1.17960415598e+24,2.67654958855e+24,4.75114306607e+48,1.11243522846e+34,-2.12261559822e+47,0004
1866704505.45,2.63807587116e+18,1.44040736946e+23,2.38569042233e+23,4.42241075724e+46,3.87366943652e+32,-2.06186784943e+44,0004
60088916.0064,1.89787479694e+15,1.67250429285e+19,5.17180571784e+19,1.51663204145e+39,2.25302852158e+27,1.16004015261e+38,0004
928167453.489,6.17023310985e+17,3.06212618363e+22,5.26953167364e+22,2.11539638556e+45,4.13801585963e+31,-7.56884126983e+43,0004
570440273.469,1.93129743509e+17,4.03312787657e+21,1.04269157854e+22,6.70161779521e+43,4.57898775237e+30,8.99262761232e+42,0007
371833648.871,9.97963364356e+16,2.4057295403e+21,4.02406836047e+21,1.24953100003e+43,1.27089367064e+30,-7.9370633005e+41,0007
87244874.9568,5.14200416355e+15,5.55420928948e+19,1.06070346556e+20,8.10932149083e+39,7.60591690193e+27,-7.22646123704e+38,0007
276134860.638,5.50657295401e+16,1.20469233982e+21,2.17654480359e+21,3.51730516139e+42,5.10496345864e+29,-2.24066233671e+41,0007
73767455.2237,3.83969964947e+15,3.91125256996e+19,7.81414237994e+19,4.31915931412e+39,4.83956969884e+27,8.32655861407e+37,0007
412789354.98,1.06819417821e+17,2.08087581352e+21,4.46487103883e+21,1.35186364513e+43,1.45903783284e+30,-1.56846700523e+42,0007
272047638.356,4.99421202879e+16,8.86047951093e+20,1.70650087987e+21,2.09819521124e+42,3.81361963e+29,-2.9353824603e+40,0007
1519726252.32,1.68380693611e+18,7.95349539716e+22,1.52680796734e+23,1.68169169789e+46,1.98114002862e+32,5.22180072597e+44,0007
484858753.818,1.55416174353e+17,3.47328012391e+21,7.53619169045e+21,3.85386747584e+43,2.97075982255e+30,1.17288392148e+42,0007
756794885.334,4.22251406477e+17,1.42704168015e+22,2.61694466794e+22,5.0567055485e+44,1.70035062955e+31,7.07248002471e+42,0007
5222112472.43,1.83748122462e+19,1.74690282043e+24,3.44759064056e+24,8.44544972432e+48,1.47759954934e+34,5.08287634858e+47,0007
939309185.065,5.49850458268e+17,1.5355564982e+22,3.79707133539e+22,9.1612144088e+44,2.81263890834e+31,3.69514764026e+43,0007
7792811902.28,4.06582496004e+19,4.24330820261e+24,9.1518211919e+24,5.69504528033e+49,5.83554748919e+34,3.0363956206e+48,0007
5134626819.17,1.92900573061e+19,1.72750007581e+24,2.9716864215e+24,6.73142624221e+48,1.30493330769e+34,-1.4903431954e+47,0007
7568467270.01,4.09324066926e+19,5.05633015542e+24,9.2281836084e+24,6.30219797097e+49,5.9036644423e+34,-1.35265759504e+48,0007
7840513217.35,4.46794881485e+19,4.76018960745e+24,8.42850720803e+24,5.33447535946e+49,5.63328437726e+34,-2.1314772427e+48,0007
8771202310.09,5.64193478901e+19,6.08385364607e+24,1.0881516096e+25,8.84920126847e+49,8.1733631301e+34,-2.81367586242e+48,0007
7407152379.48,4.44394779121e+19,5.31721244071e+24,8.06258806205e+24,5.27724592873e+49,5.37419441095e+34,-1.37038706643e+48,0007
3483745164.49,1.00670412336e+19,9.80967896183e+23,1.35180848589e+24,1.55664200234e+48,4.28792926579e+33,1.12815321617e+46,0007
2984829457.8,6.64008835813e+18,4.63129202676e+23,7.91664644321e+23,4.79199301118e+47,2.03947268566e+33,-1.2460879153e+46,0007
7043566355.66,3.25458613667e+19,2.62436252274e+24,5.77562530872e+24,2.24822118419e+49,3.29473876325e+34,4.07688742231e+47,0007
5825071741.89,2.55807125851e+19,2.34239232215e+24,3.98400677949e+24,1.2167878346e+49,2.0142237991e+34,-2.54617894957e+47,0007
3890625299.83,1.32010738304e+19,1.52662784246e+24,1.95913191118e+24,3.38807356024e+48,7.11429967005e+33,-2.21447003871e+46,0007
6383507683.53,2.63849272603e+19,1.70823401614e+24,4.03155834362e+24,1.05741625029e+49,2.07078288675e+34,3.4952421131e+47,0007
5402901042.31,1.92873315633e+19,1.44396633404e+24,3.18515150362e+24,6.82313013992e+48,1.39763076744e+34,-3.24308942042e+47,0007
3768991516.53,1.15470664243e+19,1.14636604333e+24,1.64191309988e+24,2.25256065001e+48,5.57926610472e+33,1.56005572172e+46,0007
7576163714.1,4.32751336567e+19,4.25180919328e+24,7.24670946995e+24,4.02251861028e+49,4.76708657725e+34,2.68316220341e+46,0007
684933466.496,2.51075001927e+17,7.43539084744e+21,2.47269154498e+22,3.34075982948e+44,1.233766797e+31,-2.83810837737e+43,0008
203039102.707,2.23208616565e+16,6.97077244191e+20,1.81989012328e+21,2.02227885974e+42,2.66775265081e+29,3.34671049968e+41,0008
420181773.429,1.35324597752e+17,4.65309891597e+21,7.47960261271e+21,4.40955127306e+43,2.74321043733e+30,-1.62454295834e+42,0008
738874522.831,2.52575951565e+17,1.53681141181e+22,3.65551334212e+22,8.30000632215e+44,1.83653442299e+31,2.48591447313e+44,0008
153043563.516,6.38846475875e+15,3.66484967973e+19,6.22444547752e+20,8.14630677198e+40,4.91773600151e+28,4.69239114057e+40,0008
312938238.222,4.7572527932e+16,1.11103902607e+21,3.96389122064e+21,8.31761352311e+42,8.63095180487e+29,1.24328082641e+41,0008
6783353071.83,3.07325755485e+19,2.90170449818e+24,5.91439371495e+24,2.45014067062e+49,3.27804661623e+34,-5.04225919516e+46,0008
1243570878.25,4.96757701022e+17,1.09679788703e+22,8.97567658694e+22,2.45507610061e+45,6.32275275088e+31,1.37971220245e+45,0008
8093518466.52,3.53065504222e+19,2.81299349457e+24,7.99367281876e+24,3.78345601772e+49,4.74739166961e+34,2.32037713496e+48,0008
4073150079.22,1.08453479799e+19,1.00089609969e+24,1.92436357435e+24,2.67005857462e+48,6.33496739692e+33,5.85529062802e+46,0008
661460317.883,2.07323130936e+17,5.38179221288e+21,2.29679033659e+22,2.53319787873e+44,1.03371853225e+31,-3.2180724452e+43,0008
634348687.839,2.46395200334e+17,9.7123794008e+21,2.1389596428e+22,3.06073301211e+44,1.05702019946e+31,-3.69464394795e+43,0008
2244791860.92,3.76743196621e+18,2.85580203484e+23,4.69745258175e+23,1.72044722342e+47,9.09949917967e+32,1.49070345015e+45,0008
3657592087.76,5.45301510861e+18,1.11541199989e+23,1.10287018134e+24,3.75043449073e+47,2.5565780483e+33,-9.47042987522e+46,0008
260537580.312,2.84436559964e+16,3.19049476493e+20,1.60194240529e+21,1.10238862979e+42,2.70067017363e+29,3.10372712425e+41,0008
5147344843.92,1.59939851872e+19,1.06245591929e+24,2.64598206006e+24,4.38495501412e+48,1.05815426187e+34,-6.74000991355e+47,0008
228556027.562,2.94252860639e+16,1.19116966333e+21,2.71927047722e+21,4.82229732956e+42,4.66397514782e+29,8.34772631291e+41,0008
1404477446.13,8.76592053396e+17,5.36424330247e+22,2.24272936687e+23,2.45200629513e+46,2.07434578179e+32,1.97056517251e+45,0008
587944127.724,1.77120861678e+17,4.4598490791e+21,1.81897822295e+22,1.63832007736e+44,7.65522404993e+30,5.64416529764e+41,0008
489809340.422,7.15846604384e+16,1.90212850894e+21,1.07794608428e+22,3.92685689102e+43,2.88085506385e+30,2.89908411538e+43,0008
1981923740.84,2.20626456113e+18,1.33732170657e+23,3.80505373272e+23,8.57761796302e+46,5.65156879793e+32,-3.14885814056e+45,0008
1370746921.1,1.24497361025e+18,9.22126039756e+22,1.94431109481e+23,2.60134045778e+46,2.16149160952e+32,-1.03966786276e+45,0008
1415507481.92,9.53229454685e+17,5.77125445009e+22,1.82840372436e+23,1.83516249094e+46,1.78417239639e+32,-3.99796141428e+45,0008
723366659.823,1.66956484448e+17,1.35509726014e+21,2.28048068882e+22,1.14404814318e+44,9.31034708373e+30,5.46149130479e+43,0008
1240861623.27,8.74080269681e+17,2.67868903354e+22,7.55354658252e+22,3.39186165429e+45,7.06178857335e+31,1.99429309783e+44,0008
1226045556.65,5.60555763102e+17,1.23065415012e+22,8.66092320339e+22,2.81390397433e+45,6.46403548861e+31,-2.77724047503e+44,0008
2545212833.41,4.28353726562e+18,2.81938479066e+23,6.05835360656e+23,2.50312262777e+47,1.24970889613e+33,-6.05384717139e+45,0008
4139747563.9,1.06813717e+19,1.14558216057e+24,2.26555717725e+24,3.57246372254e+48,7.39737488641e+33,7.47627962563e+47,0008
870876265.084,4.04881790009e+17,1.2812440117e+22,3.34241176388e+22,6.77787299742e+44,2.12498166194e+31,1.37938366833e+44,0008
4772509132.39,9.07091385833e+18,6.60248001125e+23,2.78894837811e+24,3.56268069531e+48,8.39906422228e+33,1.27676383145e+48,0008
3914683913.01,1.00847313479e+19,8.98092631166e+23,1.80491660184e+24,2.29686838814e+48,5.7074446295e+33,7.14734348247e+46,0008
12751332304.5,8.72557835419e+19,8.60193542995e+24,2.49083334438e+25,3.64186482244e+50,2.32578597239e+35,1.73322169808e+49,0008
5118984553.07,1.25562409036e+19,5.88142079675e+23,2.59604772477e+24,3.04664057062e+48,9.16875705645e+33,-1.00404043807e+48,0008
8002468242.16,4.16433856116e+19,3.62733579382e+24,8.52388133433e+24,4.72269273297e+49,5.50033609825e+34,-4.01046561026e+48,0008
1778632086.31,1.2804852942e+18,6.26850931645e+22,2.99465392109e+23,4.09031100727e+46,3.38194644757e+32,3.225056765e+45,0008
2601051833.59,3.07790224211e+18,2.59930216287e+23,1.0415343134e+24,5.40711423801e+47,1.80750251276e+33,3.62392340438e+46,0008
2556496940.68,3.40171790238e+18,1.88306357008e+23,7.22387172192e+23,2.66432197275e+47,1.33234827942e+33,-5.18505715514e+44,0008
1414939773.8,6.13110849234e+17,2.44406073698e+22,1.48900405005e+23,7.39103231968e+45,1.16412983251e+32,5.10479282607e+45,0008
2241537006.23,2.79240663137e+18,1.98013110741e+23,4.98474428972e+23,1.56446773107e+47,8.3296806559e+32,7.0833818884e+45,0008
1288925378.35,8.8984626667e+17,3.11361896396e+22,1.05833070828e+23,5.96807126652e+45,9.83436347366e+31,-1.13617891797e+45,0008
1037912980.2,5.47716017133e+17,1.60844348366e+22,5.85364695907e+22,1.78725239305e+45,4.29370268746e+31,-1.78563802012e+44,0008
9213139804.92,3.53449649951e+19,2.65073671837e+24,1.31291131994e+25,7.73133931055e+49,7.80252778958e+34,4.64275058297e+48,0008
3102797734.6,4.41161682048e+18,3.60710442882e+23,1.08092615165e+24,6.62666031967e+47,2.26762965828e+33,1.28199036615e+47,0008
4933042538.11,1.38065234038e+19,1.40237547685e+24,2.9990832781e+24,6.08273822085e+48,1.114327974e+34,9.10896993433e+47,0008
3496580311.87,7.46180285468e+18,8.32114135487e+23,1.67826049498e+24,1.98075693823e+48,4.5843795258e+33,9.96878108504e+46,0008
687391584.582,2.48752673315e+17,1.41211534453e+22,3.82158881871e+22,8.75659029255e+44,1.87088863619e+31,1.46146710098e+44,0008
1103025204.36,8.91045043369e+17,3.36163156933e+22,5.96281226629e+22,2.66906209622e+45,5.62118468696e+31,5.52667328427e+43,0008
594346145.544,1.53749576224e+17,4.48944353471e+21,2.06159033693e+22,1.98312668572e+44,8.0243582422e+30,-2.9898901737e+42,0008
119515517.583,7.3563436473e+15,1.46804839832e+20,3.74433349319e+20,8.73477305864e+40,3.20962058048e+28,8.77461671302e+39,0008
472846879.511,7.67550194164e+16,9.11144923388e+20,8.73650846041e+21,2.36530860446e+43,2.41966694794e+30,-6.93601447519e+42,0008
233162706.901,2.62369545556e+16,6.48521535728e+20,1.88182407899e+21,1.99544559885e+42,3.0425073909e+29,5.83065201374e+41,0008
4232631492.8,1.01584401873e+19,5.64189686294e+23,1.70949662039e+24,1.67589971377e+48,5.44403588204e+33,-9.96845578548e+46,0008
1010769814.96,5.45230472762e+17,2.36150649371e+22,5.67426707676e+22,2.0177881597e+45,4.18981365226e+31,4.92860669165e+44,0008
3889220185.33,5.75677884857e+18,1.99931984149e+23,1.63774743633e+24,9.36993977751e+47,3.92757936865e+33,-1.73838861838e+46,0008
1225189282.47,9.38200214842e+17,4.36443479502e+22,9.98193511446e+22,6.55957399926e+45,9.65299610484e+31,6.16631886191e+44,0008
3343011385.44,6.11283815083e+18,5.80101389641e+23,1.32338520252e+24,1.14309812163e+48,3.27105705862e+33,1.94506130025e+47,0008
2392298250.27,2.84212007535e+18,2.07499178089e+23,5.36335771788e+23,1.62605036837e+47,9.03706540972e+32,7.46500097364e+46,0008
1703778450.78,1.86201930042e+18,9.53430585562e+22,2.13673646366e+23,3.04833910123e+46,2.90510330779e+32,-9.43004010014e+44,0008
968131982.42,4.65107020403e+17,1.80143993701e+22,6.15632711428e+22,2.03673053145e+45,4.1844970875e+31,2.3446779525e+44,0008
2985517602.42,6.14633679079e+18,3.8998127322e+23,7.60776505732e+23,4.14268677971e+47,1.8850812794e+33,-9.9573751088e+45,0008
3966510401.55,1.15474484671e+19,1.15972589816e+24,2.02820154302e+24,3.10664193456e+48,6.8665337543e+33,-1.56894784706e+47,0008
4541935168.33,8.010832674e+18,3.40455361118e+23,2.20189058736e+24,1.90180802954e+48,6.22187842946e+33,-1.32849123866e+47,0008
6135751745.79,2.27778193716e+19,3.8235803952e+24,8.13765758177e+24,4.52710018807e+49,3.87680351474e+34,3.3191356076e+48,0008
15113737435.7,1.43938613411e+20,2.01417886281e+25,4.44722456595e+25,1.32760304014e+51,5.33552390874e+35,-9.52276314465e+49,0009
10079032238.9,6.24443419715e+19,7.10576023622e+24,1.66452054249e+25,1.80945368914e+50,1.31502470899e+35,-5.37523367127e+48,0009
5529926313.86,1.53061743833e+19,1.14124233007e+24,3.69682725341e+24,7.59213635797e+48,1.44629358803e+34,-1.35024095623e+47,0009
13214298773.2,9.62885517871e+19,9.72556292072e+24,2.68142710462e+25,4.32570683846e+50,2.63118768476e+35,1.96863312897e+49,0009
6528493861.86,2.24146992863e+19,1.89979638823e+24,5.80358183143e+24,1.87836165627e+49,2.74283557522e+34,-4.30534334572e+48,0009
6685128178.56,2.2839826645e+19,1.64137282705e+24,5.68342925451e+24,1.73540824371e+49,2.71608605246e+34,-4.04000062341e+47,0009
9342484422.66,4.12338582826e+19,3.18156303642e+24,1.21380071715e+25,7.37896235177e+49,7.79061384286e+34,-1.56430216038e+49,0009
4928266613.1,1.51039294023e+19,1.11218364286e+24,2.6326621402e+24,4.5045290458e+48,1.02310828576e+34,-5.43002672175e+46,0009
8855856828.84,4.43327587418e+19,3.59818668639e+24,1.01858892073e+25,6.16573232872e+49,6.78198724234e+34,9.86683074925e+47,0009
3487721336.28,7.55534311844e+18,5.47546507672e+23,1.31731612947e+24,1.11856514678e+48,3.62005541194e+33,-2.20333025305e+46,0009
2548094729.0,3.94883468609e+18,2.30358759366e+23,5.52611695104e+23,1.97117748616e+47,1.09793390267e+33,4.37090650089e+45,0009
14308242027.0,1.32574512932e+20,2.19634633093e+25,4.54453547592e+25,1.43512980286e+51,5.23246021993e+35,4.2847282097e+49,0009
14675650934.0,1.29234117743e+20,1.58389345156e+25,3.8631680639e+25,9.54908652613e+50,4.39164684196e+35,-3.64727454348e+49,0009
13376819418.3,1.04154298546e+20,1.26767961975e+25,3.2041370663e+25,6.45741652481e+50,3.268057164e+35,-4.91553097762e+48,0009
3458803224.55,6.48615104567e+18,3.451870503e+23,1.08026585965e+24,6.59543637319e+47,2.75121246119e+33,-1.26358693724e+46,0009
5374601232.37,1.98014373096e+19,2.22905159177e+24,3.87235434196e+24,1.13123312611e+49,1.7228256534e+34,-1.21007162823e+48,0009
3942162357.7,8.83717497234e+18,5.02386288044e+23,1.40051215633e+24,1.17285359463e+48,4.1630608689e+33,6.69021624488e+46,0009
6839952301.18,2.8495070976e+19,2.64893123076e+24,5.72719326311e+24,2.21787221778e+49,3.05714841496e+34,-2.39215753291e+48,0009
14606470810.2,1.14476889686e+20,1.14323633175e+25,3.54364447837e+25,7.12133698584e+50,3.79143681482e+35,3.99317239052e+49,0009
3113827087.02,4.63969234458e+18,2.03432630413e+23,8.12454947883e+23,3.3028012772e+47,1.74979187844e+33,3.66900133101e+45,0009
4394290220.72,1.02078417939e+19,4.06387871062e+23,1.40828098671e+24,1.06020129334e+48,4.4975887697e+33,1.04912974237e+47,0009
19892114344.8,2.3933512213e+20,4.55610025409e+25,1.16496869175e+26,8.48540798428e+51,1.80218613708e+36,-1.77772090508e+50,0009
4591700638.2,1.11669042699e+19,7.0005227203e+23,2.2545135072e+24,2.83147580815e+48,7.53371723905e+33,6.97265630725e+46,0009
33489189326.3,7.23281142734e+20,1.59243823516e+26,3.2343142192e+26,7.32800594587e+52,8.6980170745e+36,-4.21960995541e+51,0009
13441418472.7,1.05773060907e+20,9.83994543482e+24,2.75548155467e+25,4.52174004132e+50,2.83202788382e+35,-3.74826486239e+49,0009
8493379149.44,4.82024412819e+19,5.78815094266e+24,1.1783125171e+25,9.73004978105e+49,8.18027516853e+34,-1.41005599777e+48,0009
8498082060.99,3.75331948353e+19,3.86693188614e+24,1.1631508707e+25,7.79886281108e+49,7.12593540626e+34,-1.72374823538e+48,0009
14527923163.0,1.01219238092e+20,1.45225252107e+25,4.75415115764e+25,1.24015787932e+51,4.78296385434e+35,-1.49996062501e+50,0009
22306350269.9,2.4977845469e+20,2.82745825046e+25,9.85368591399e+25,5.1998690374e+51,1.55731404525e+36,-1.13683482895e+50,0009
14897696001.5,1.1813337294e+20,1.26862740391e+25,3.76903044903e+25,8.23020016479e+50,4.09652788919e+35,4.33324100489e+49,0009
17485137529.3,1.89341635051e+20,2.61471219125e+25,6.39052699064e+25,2.61135719082e+51,8.79097408812e+35,6.87996555164e+49,0009
22186104986.5,2.56313803188e+20,3.7005812852e+25,1.10899820433e+26,7.06827436809e+51,1.77543565136e+36,-7.1616179971e+50,0009
13826483567.7,1.16400321214e+20,1.35873852704e+25,3.35791985686e+25,7.17199870519e+50,3.62277236664e+35,8.87281116169e+48,0009
13127180923.4,1.02859243171e+20,1.15818797489e+25,3.0424937141e+25,5.71102327516e+50,3.08563762894e+35,5.49881867824e+48,0009
9883903832.2,5.93511455051e+19,5.48699914784e+24,1.34022278107e+25,1.14926545669e+50,1.03250324508e+35,-8.7499411337e+47,0009
6252274203.06,2.31525063976e+19,1.95086189638e+24,5.01101612523e+24,1.56669429504e+49,2.41114087684e+34,1.41456249869e+47,0009
5172347696.89,1.59750198939e+19,1.3792257608e+24,3.3650451517e+24,7.24901365864e+48,1.34479558722e+34,7.79474941988e+46,0009
11596333918.1,6.72369379558e+19,6.9458189293e+24,2.27380354942e+25,2.84015592151e+50,1.86431684444e+35,3.14650344103e+49,0009
7545812167.64,3.57603629924e+19,3.81805040615e+24,8.37660630533e+24,4.73300238877e+49,5.00911802815e+34,1.99707134607e+48,0009
7200438693.84,3.26795140479e+19,3.84350469111e+24,8.43732738662e+24,4.79485438261e+49,4.82239312476e+34,3.08256478677e+48,0009
8146584270.32,3.37844092151e+19,2.38109531626e+24,8.95508928181e+24,4.1272755284e+49,5.20401445315e+34,-2.55381932895e+48,0009
13132050326.7,1.02928276072e+20,1.15885004185e+25,3.04473780565e+25,5.71897866852e+50,3.08894968951e+35,5.48775383192e+48,0009
7606684377.39,2.47448109574e+19,1.54094056493e+24,7.71322644703e+24,2.6225980799e+49,3.83092043279e+34,-4.39540432597e+48,0009
7122997656.27,3.46018092058e+19,3.52025390918e+24,6.87583927905e+24,3.38274600419e+49,4.04438935926e+34,-1.80462521167e+47,0009
14783194412.5,1.46834762169e+20,2.33688705229e+25,4.71497098752e+25,1.56495244951e+51,5.71300017638e+35,-2.02212797523e+49,0009
9245991473.64,5.29556636675e+19,4.97152007039e+24,1.20624821503e+25,9.3144966547e+49,8.77762076749e+34,-7.04943459466e+48,0009
14869708968.8,1.43320021127e+20,2.15782871176e+25,4.33786328722e+25,1.32628889468e+51,5.1908905499e+35,-4.79921656874e+49,0009
23574086802.3,2.83253598013e+20,4.10093567316e+25,1.27531903465e+26,9.1839204419e+51,2.14637884978e+36,-8.47565765822e+50,0009
9715379808.46,5.58668760197e+19,5.60720774082e+24,1.41901083276e+25,1.26529234959e+50,1.06046821579e+35,-3.44601534149e+48,0009
11581234923.8,7.34979939198e+19,6.95576211063e+24,2.08051533345e+25,2.49450832732e+50,1.78314825207e+35,2.03742269735e+49,0009
5463023205.24,1.82181279173e+19,1.75853537562e+24,4.1207047075e+24,1.10897007669e+49,1.75875881038e+34,2.52974094134e+47,0009
10374861862.8,6.57418732392e+19,6.48270895479e+24,1.49717464357e+25,1.47340178222e+50,1.21381966619e+35,6.82748676748e+48,0009
8667454839.24,4.66305098328e+19,4.83979440364e+24,1.15030360521e+25,8.58221956324e+49,7.85471563918e+34,-1.05089567699e+48,0009
9101536084.2,5.64173868899e+19,6.9844660508e+24,1.3532188652e+25,1.31305954427e+50,1.0163563821e+35,-8.14652957126e+48,0009
11840925439.2,7.19644810625e+19,6.13660996551e+24,2.05870594907e+25,2.31072046236e+50,1.74632246066e+35,-1.22389439382e+49,0009
17708722763.3,1.75562282245e+20,2.16697274743e+25,6.13015970667e+25,2.23158053498e+51,8.12229782005e+35,-1.09462834642e+50,0009
14589873023.3,1.01486905346e+20,9.9983412475e+24,3.93324452117e+25,7.78348681047e+50,3.95532904913e+35,-5.06117381244e+49,0009
16711272496.0,1.42938761576e+20,1.4909756912e+25,5.10301630948e+25,1.40427237637e+51,6.10097879987e+35,-9.65636192405e+49,0009
10857435841.0,6.254934916e+19,6.44872986997e+24,2.00690090545e+25,2.27278583801e+50,1.5871936447e+35,2.16830337702e+49,0009
7179692801.51,2.98126207475e+19,2.82059118323e+24,7.68221259083e+24,3.56589941219e+49,4.19449712737e+34,-2.6880800322e+48,0009
17351062903.6,1.8817232856e+20,2.63877198509e+25,6.32576839393e+25,2.5836614593e+51,8.67531165835e+35,6.44917749393e+49,0009
9007457964.92,3.81820738739e+19,2.59415513017e+24,1.07055187601e+25,5.64062829857e+49,6.6142294317e+34,-1.09665607468e+48,0009
7872054555.71,3.94403822289e+19,4.66961165975e+24,9.88729808461e+24,6.61705889779e+49,6.19652589271e+34,-1.16170236834e+49,0009
15863846791.0,1.28229237655e+20,1.19296230885e+25,4.40285238169e+25,1.0088275768e+51,4.98564570224e+35,-2.13904602765e+49,0009
17093134273.1,2.01876670652e+20,3.17078081868e+25,6.0822150941e+25,2.66919765472e+51,8.64128565293e+35,-9.84216175086e+49,0009
10891026458.4,7.57767953508e+19,1.04667368161e+25,2.26186442315e+25,3.4802104062e+50,1.96881783422e+35,-5.38395921634e+46,0009
10321899488.4,5.99975273619e+19,5.75318458592e+24,1.61238867185e+25,1.54848506905e+50,1.24876874417e+35,1.17737007996e+49,0009
6049774820.49,2.17472764784e+19,2.1765236968e+24,5.3963343258e+24,1.84868102765e+49,2.50658082419e+34,-5.14289901223e+47,0009
12217608038.2,9.08988608507e+19,1.13839311687e+25,2.75866372725e+25,4.88722303059e+50,2.6301310934e+35,1.20568309599e+49,0009
7707545941.58,3.96968122255e+19,3.46806848677e+24,7.25403380383e+24,3.63302714207e+49,4.57022431753e+34,-1.98081118254e+48,0009
13643295463.8,1.12043544763e+20,1.35538338977e+25,3.4207057478e+25,7.36126048854e+50,3.62055294153e+35,-2.51076301979e+49,0009
225268018.119,2.96044899045e+16,3.82769920753e+20,1.06197228185e+21,6.752835969e+41,1.82717204468e+29,-4.9260735376e+40,0010
120458633.772,9.69718338097e+15,1.04243442635e+20,2.21246557759e+20,3.35927918982e+40,2.17870945938e+28,-6.95488278614e+38,0010
1183056364.67,8.81832695198e+17,2.37571944023e+22,5.5838751235e+22,2.0281946022e+45,5.24290458904e+31,-1.50444162622e+44,0010
206618674.237,3.22947184603e+16,5.47644389887e+20,8.65548883265e+20,5.9546578719e+41,1.55529634915e+29,-2.32188758347e+40,0010
2412321943.11,4.20771980758e+18,2.17183021933e+23,3.87824701933e+23,1.12543228493e+47,7.95490702252e+32,-1.65172399144e+45,0010
2325870120.67,3.01638276156e+18,1.14849579058e+23,3.32992130081e+23,6.50980779997e+46,5.78313756041e+32,-1.69687070893e+45,0010
108467112.439,8.89710363139e+15,1.08610311942e+20,1.7236329946e+20,2.35826337735e+40,1.62580635976e+28,-1.63381237987e+38,0010
74726906.5485,4.23788056063e+15,4.12985501032e+19,6.58392407163e+19,3.43315096741e+39,4.28606323567e+27,-9.66745166591e+36,0010
120296291.388,9.38870544566e+15,9.13448674879e+19,2.01470710508e+20,2.72681570659e+40,1.95165706141e+28,-1.85645098812e+39,0010
265078884.195,4.64142180145e+16,6.39676464855e+20,1.37365210929e+21,1.28762466182e+42,2.95938623013e+29,-6.78880098427e+39,0010
387882620.137,9.83898761712e+16,1.67932156554e+21,3.64885421899e+21,9.03095677761e+42,1.14453512722e+30,-1.59751826322e+41,0010
526433244.368,1.8453295643e+17,3.51484916788e+21,7.38461782679e+21,3.76221584399e+43,3.17221865708e+30,-1.04488653157e+41,0010
2873380891.86,5.24261967044e+18,2.1399111766e+23,5.04121239419e+23,1.65555511662e+47,1.1542598976e+33,2.67592071958e+45,0010
254159806.207,4.33861406146e+16,6.77431928151e+20,1.36453146314e+21,1.31003754762e+42,2.84195372558e+29,-7.03002283137e+40,0010
1202829887.24,1.01241414712e+18,3.56493491612e+22,6.63115912321e+22,3.22408686835e+45,6.67202627261e+31,-1.245818668e+43,0010
98752233.7546,6.53866967336e+15,6.5485394466e+19,1.33028801195e+20,1.24105489683e+40,1.07520022157e+28,-3.76490877533e+38,0010
211020319.64,3.23574887293e+16,4.89969771078e+20,8.49770397544e+20,5.47928328266e+41,1.52831885462e+29,-2.08196691313e+40,0010
1444156950.22,1.26979555846e+18,3.80481349964e+22,9.40216883784e+22,5.61921301028e+45,1.0594693042e+32,-2.20219922465e+44,0010
22644930641.1,4.2303190348e+20,1.10457867322e+26,1.51330598385e+26,1.95608899737e+52,3.11198641805e+36,-4.19483677075e+50,0010
7436601552.12,3.75597932391e+19,3.00279687746e+24,6.19270233826e+24,2.6703617833e+49,3.79519396501e+34,-2.08060828401e+47,0010
7048059659.13,3.33432236683e+19,2.75995052578e+24,5.70115215138e+24,2.26147041104e+49,3.29204915111e+34,-9.31737964249e+46,0010
3394862928.64,7.89478290597e+18,4.91215223342e+23,9.55059018954e+23,6.54112881871e+47,2.68347949e+33,-7.49686144621e+45,0010
10854051858.9,7.96542207975e+19,7.74160311713e+24,1.58742877293e+25,1.75976854691e+50,1.41673689351e+35,-4.25934003313e+47,0010
12028834117.7,8.64878586479e+19,9.53206138455e+24,2.31134440502e+25,3.41699368298e+50,2.14900499453e+35,-3.07037842274e+49,0010
9765529779.8,6.08989983259e+19,5.33616998465e+24,1.26026349081e+25,1.03339053026e+50,9.8346982375e+34,1.44379273895e+48,0010
4410096074.28,1.32884026879e+19,7.91841850622e+23,1.60112580243e+24,1.80258639462e+48,5.83657935624e+33,-3.02939254152e+46,0010
2384886113.47,3.6582118114e+18,1.92325279678e+23,3.81316304247e+23,1.02635995583e+47,7.28916601023e+32,-1.13654643576e+46,0010
22930270706.3,3.64885502987e+20,4.96372916166e+25,9.68653769576e+25,6.71655416056e+51,1.85031967145e+36,-4.64304169849e+49,0010
1934016108.02,2.46160789253e+18,1.00885804748e+23,2.16992825814e+23,3.21017776034e+46,3.40451031038e+32,-5.06322961697e+44,0010
1770841652.37,1.91433941595e+18,6.42648619238e+22,1.6426557443e+23,1.68766270143e+46,2.27277160111e+32,-1.65859771586e+44,0010
10905409183.5,7.15722776226e+19,6.15229866943e+24,1.58310052722e+25,1.56235150481e+50,1.33929108108e+35,5.50458982632e+47,0010
8746059620.28,5.08518582056e+19,4.93905818289e+24,1.04046287088e+25,7.45795450286e+49,7.419518038e+34,-1.03999828914e+48,0010
4835351772.3,1.51776401832e+19,1.19247367485e+24,2.56952873016e+24,4.49623525896e+48,1.00100483888e+34,-1.20376195707e+47,0010
1678616590.09,2.11214507269e+18,1.24515622723e+23,1.99000439741e+23,3.13060858862e+46,2.89156711312e+32,-1.09232935966e+45,0010
6196831391.82,2.33329413827e+19,1.64421026935e+24,3.98500711189e+24,1.01677107795e+49,1.92386616923e+34,-8.1748042938e+47,0010
8869184162.81,5.26221069715e+19,5.71212454759e+24,1.17460170251e+25,9.62028758524e+49,8.52063588199e+34,1.41116410696e+48,0010
13989875881.5,1.41524659951e+20,1.88875388027e+25,3.34581892317e+25,8.41045535831e+50,3.98026719252e+35,-8.43189098558e+48,0010
5587838678.88,2.10729645552e+19,1.82584805713e+24,3.62553949613e+24,9.31910268785e+48,1.66426532108e+34,-4.08665125491e+47,0010
10954870362.2,7.24030347965e+19,7.97349399938e+24,1.98954238707e+25,2.50053573343e+50,1.69289520227e+35,-1.63027830447e+49,0010
1758763444.22,2.10597502789e+18,1.15109820174e+23,2.21911350836e+23,3.53082228414e+46,3.21411404399e+32,-3.35310760333e+45,0010
474002359.837,1.84254068813e+17,5.953629473e+21,8.08055601031e+21,5.60385369629e+43,3.46749771783e+30,-9.76899671898e+41,0010
3157841597.48,6.10191255118e+18,2.99376449453e+23,7.48810695036e+23,3.5452192687e+47,1.84967982014e+33,-3.7095878609e+45,0010
2903699250.41,5.44848708437e+18,2.94280439679e+23,6.54385779945e+23,2.87160982757e+47,1.52746671764e+33,1.51540812833e+45,0010
13608616198.9,1.20827116402e+20,1.2891291677e+25,2.80349819338e+25,5.32284499428e+50,3.08156352284e+35,-2.69227713121e+49,0010
9134211689.05,5.77325738119e+19,5.46482917677e+24,1.04994040569e+25,7.94804100476e+49,7.97607782952e+34,2.83022842816e+48,0010
9999516900.18,6.58417357095e+19,5.7693596227e+24,1.24620142937e+25,1.05665344929e+50,1.01120327206e+35,-8.36176612179e+47,0010
7437302404.71,3.75677429919e+19,3.00339898191e+24,6.19370607965e+24,2.67127894925e+49,3.79621076929e+34,-2.07967690597e+47,0010
14537096789.7,1.38887892389e+20,1.37855631415e+25,2.96160908326e+25,5.98362470596e+50,3.49024825289e+35,8.07154326631e+48,0010
10855029320.0,7.96710611025e+19,7.74329336513e+24,1.58768718324e+25,1.76039043673e+50,1.41711727288e+35,-4.24801686844e+47,0010
5880717143.52,2.43176720008e+19,1.86810678541e+24,3.53615176625e+24,9.08450462005e+48,1.74373460162e+34,-2.72952301833e+47,0010
10901462430.8,8.15014765419e+19,7.66394334986e+24,1.50635198502e+25,1.61714306514e+50,1.35976768659e+35,-6.65460746e+48,0010
9766763639.21,6.09171574699e+19,5.33782031277e+24,1.26054785052e+25,1.03390010876e+50,9.83838408948e+34,1.44476348869e+48,0010
8746623431.26,5.08598385819e+19,4.93992952151e+24,1.04059108361e+25,7.45999075713e+49,7.42101450848e+34,-1.04047387046e+48,0010
11846920586.9,9.11069950417e+19,9.33293079138e+24,2.03681026295e+25,2.80576147282e+50,1.94382115021e+35,-1.18061646651e+49,0010
6330047204.31,2.60244161925e+19,2.34308102943e+24,5.04223838072e+24,1.73248385133e+49,2.57214019795e+34,-4.69654731873e+47,0010
6330047204.31,2.60244161925e+19,2.34308102943e+24,5.04223838072e+24,1.73248385133e+49,2.57214019795e+34,-4.69654731873e+47,0010
20109554173.4,2.6673549e+20,3.22329436614e+25,7.02325353988e+25,3.33477932672e+51,1.14686905435e+36,-2.137612055e+50,0010
13990797705.1,1.41546045115e+20,1.88905105676e+25,3.34623387385e+25,8.41268162333e+50,3.98106161142e+35,-8.43548301144e+48,0010
4031066710.92,1.0581780104e+19,7.26519760659e+23,1.61571289356e+24,1.74966078305e+48,5.25585642391e+33,5.52149133952e+46,0010
10569261552.0,8.16771180799e+19,9.04802874434e+24,1.54295010793e+25,1.82249391926e+50,1.39424781671e+35,-4.60714478681e+48,0010
10248118778.2,6.95337600963e+19,6.16435007325e+24,1.30175814577e+25,1.16596661722e+50,1.08549245624e+35,1.821458246e+48,0010
7280766751.33,3.23105680198e+19,2.40249148101e+24,6.05750947044e+24,2.31071785436e+49,3.44315928952e+34,-2.487395685e+47,0010
6197573287.45,2.33393068653e+19,1.64467901439e+24,3.98591107471e+24,1.01726238299e+49,1.92456518105e+34,-8.17832409178e+47,0010
13046385858.5,1.11256195741e+20,1.0274701608e+25,2.26730000129e+25,3.46044196807e+50,2.39149970758e+35,-3.01843066263e+48,0010
5588495076.98,2.1078755472e+19,1.82633159523e+24,3.62627091126e+24,9.32316023158e+48,1.66482973066e+34,-4.08772796107e+47,0010
1934162439.89,2.46206157307e+18,1.00907087236e+23,2.17023102871e+23,3.21118785426e+46,3.40529909485e+32,-5.06774691745e+44,0010
1770982033.75,1.9147103293e+18,6.42788552427e+22,1.64292255735e+23,1.68825746027e+46,2.27336098455e+32,-1.66139301939e+44,0010
2342905158.18,3.85203399298e+18,1.89419909693e+23,3.5164265216e+23,9.07528907384e+46,6.9013576312e+32,-4.20666235267e+44,0010
11893278973.1,9.4601694354e+19,8.89245152547e+24,1.87438484727e+25,2.41929695512e+50,1.82308965143e+35,5.43891989473e+48,0010
10727508697.7,7.69371212573e+19,7.37745854311e+24,1.54137159224e+25,1.64342174551e+50,1.35164673199e+35,-2.85197330455e+48,0010
7726287528.13,3.86792187952e+19,3.55640975154e+24,7.82713486656e+24,4.12958026591e+49,4.86789906023e+34,-1.81831552056e+47,0010
5710652900.71,2.10752335927e+19,1.6017023425e+24,3.5593872385e+24,8.49858645907e+48,1.63403502409e+34,4.84828211362e+46,0010
18213097136.7,2.21937324725e+20,2.61643442626e+25,5.52475569912e+25,2.10050875081e+51,8.23053829065e+35,-1.00903366472e+48,0010
7858415515.62,4.27370189208e+19,4.15746628931e+24,7.60657394106e+24,4.26275605914e+49,4.96714011524e+34,-3.5579492044e+48,0010
22930739966.4,3.6490161535e+20,4.96384884227e+25,9.68676139355e+25,6.71686769612e+51,1.8504032564e+36,-4.64477021783e+49,0010
11103270691.7,7.3633028181e+19,6.32659095705e+24,1.70744614601e+25,1.77461866666e+50,1.46507861551e+35,-2.26794238184e+47,0010
7735305109.5,3.28102333696e+19,1.71859876017e+24,5.74316387344e+24,1.80422593882e+49,3.28969407835e+34,-1.86244628205e+47,0010
8622691539.93,5.30633743328e+19,5.21071879549e+24,9.58534402667e+24,6.774020005e+49,6.98192141461e+34,-5.41988686321e+47,0010
11938599366.6,9.21721255287e+19,8.9964032148e+24,2.04685498521e+25,2.77756761716e+50,1.96510845936e+35,-3.9011722532e+47,0010
10432517959.4,8.21504059503e+19,1.14928349033e+25,1.80257757905e+25,2.59229471337e+50,1.63340087289e+35,-1.07074340556e+49,0010
4889500555.64,1.85069918467e+19,1.60309256817e+24,2.43235609564e+24,4.80139795868e+48,1.04629485284e+34,-1.27192102007e+47,0010
8157728368.22,4.74157148797e+19,4.17925859374e+24,7.5662792625e+24,4.25396873463e+49,5.21002593253e+34,-8.10840164399e+47,0010
13608699795.1,1.20828949449e+20,1.28915129421e+25,2.80353125424e+25,5.32298503153e+50,3.08162323648e+35,-2.69230837637e+49,0010
7478881632.9,3.7531102752e+19,2.78412059284e+24,5.80692643104e+24,2.33485352499e+49,3.5574686475e+34,-9.85243930693e+46,0010
221240739.269,2.79659845152e+16,3.48586226217e+20,9.43121419285e+20,5.39619622008e+41,1.5769859248e+29,-3.51381056376e+40,0014
86857055.4811,5.30306366371e+15,4.77468315756e+19,8.82506216842e+19,5.72347141943e+39,6.42555109766e+27,2.42485916419e+38,0014
189955186.514,2.29364214464e+16,2.68568306983e+20,6.15591230203e+20,2.50212144567e+41,9.32296777257e+28,6.74266971904e+39,0014
152918433.71,1.5799785776e+16,1.74127123155e+20,3.51856514253e+20,8.70738617077e+40,4.42273564721e+28,1.8099240371e+39,0014
157366845.668,1.62283796339e+16,1.73439539986e+20,3.78081652624e+20,9.68081699247e+40,4.81633212885e+28,1.32134243207e+39,0014
529102793.277,1.78855532851e+17,3.43926489336e+21,7.75438557442e+21,4.00409215525e+43,3.27920320797e+30,-6.06633568253e+41,0014
426183553.474,1.3355295255e+17,2.8812540737e+21,4.96363260275e+21,1.87711100327e+43,1.81394490639e+30,-2.07622119878e+40,0014
170683384.52,1.88790092707e+16,2.03430224951e+20,4.39625391409e+20,1.31197838858e+41,6.03887556813e+28,-8.47963303572e+39,0014
147842737.512,1.43171824068e+16,1.42917800814e+20,3.05252380813e+20,6.3743970961e+40,3.65244790798e+28,-1.31674628657e+39,0014
1359894598.94,1.22159036972e+18,3.80777767533e+22,8.01385966935e+22,4.42668467173e+45,8.85736466579e+31,-4.22762002931e+43,0014
1144114485.04,8.76699972407e+17,2.65278275367e+22,5.51757049641e+22,2.11060835548e+45,5.16505395265e+31,-3.65262901748e+43,0014
172486331.322,1.89975944227e+16,2.18464471354e+20,4.90960413635e+20,1.60785535023e+41,6.76697402948e+28,-1.25115203189e+39,0014
2270731763.63,3.47018308737e+18,1.57575146279e+23,3.11567642562e+23,6.90129382935e+46,5.80391648218e+32,1.76424847022e+45,0014
267546557.595,5.36638593856e+16,1.02588525743e+21,1.6511214546e+21,2.14734937898e+42,3.82342285184e+29,-8.18438795479e+40,0014
552474437.204,2.38881507662e+17,6.708998593e+21,1.00591487639e+22,8.26338743755e+43,4.91604714495e+30,-6.28997132146e+41,0014
976085190.031,6.61972722092e+17,2.18823286537e+22,4.17602642835e+22,1.26231563778e+45,3.39766320912e+31,-1.31777996991e+43,0014
547768788.695,1.6543727069e+17,3.36949376294e+21,9.97498882818e+21,5.78028583106e+43,4.05431725634e+30,1.76182280398e+42,0014
390749898.797,1.00300167968e+17,1.87685907554e+21,4.06016697087e+21,1.12075153955e+43,1.28586201405e+30,1.13652605846e+41,0014
498319733.298,1.38157873849e+17,2.45819181248e+21,7.18401041096e+21,2.98463970633e+43,2.66690018865e+30,-4.53966268437e+42,0014
175952180.717,1.90528024437e+16,1.75999978188e+20,4.41024860252e+20,1.22871336395e+41,6.08753802741e+28,1.51856717975e+38,0014
808575195.498,4.63244305848e+17,1.34023024669e+22,2.45158171225e+22,4.44335849959e+44,1.66855432863e+31,-6.60059425981e+42,0014
141483071.836,1.3681649958e+16,1.43955182967e+20,2.84616381261e+20,5.76058633924e+40,3.32894540419e+28,-7.4996497668e+38,0014
898560353.662,6.05584045141e+17,2.09953792344e+22,3.3875813091e+22,9.02842421525e+44,2.6352091749e+31,-3.26900667139e+43,0014
6783923344.47,3.2569481897e+19,2.80651717349e+24,5.17276410943e+24,1.96960192871e+49,2.95156912165e+34,-7.19278191176e+47,0014
11176881189.7,7.93103874671e+19,7.2739171333e+24,1.66674098343e+25,1.83498972687e+50,1.4842577054e+35,2.85907160378e+48,0014
10685354353.5,7.31849034715e+19,6.05676659425e+24,1.37695466061e+25,1.25741585362e+50,1.17795955357e+35,-1.23504070445e+48,0014
11981825654.7,9.26316381529e+19,8.43498190764e+24,1.89747767307e+25,2.40034491713e+50,1.8262336485e+35,2.97871214831e+48,0014
428905599.471,1.36018231021e+17,3.29973775544e+21,5.30532044757e+21,2.21686591324e+43,1.95578932615e+30,-1.13426044102e+42,0014
2094184343.67,3.04404456503e+18,1.34483310268e+23,2.54103358364e+23,4.69727230199e+46,4.43333969595e+32,2.03252617045e+44,0014
17094421419.9,1.86585910947e+20,2.07565774642e+25,5.00322799447e+25,1.61125071167e+51,6.83356885424e+35,-5.89213957576e+49,0014
2237010230.72,3.42916978356e+18,1.59159357314e+23,3.10401520964e+23,6.89599902767e+46,5.74773006736e+32,-2.11756367345e+45,0014
5349116644.97,1.97319918165e+19,1.50252398555e+24,2.89833101863e+24,6.04810135919e+48,1.2874485976e+34,-4.79057068656e+46,0014
3928980553.22,8.97449236716e+18,4.05280694431e+23,1.16162712569e+24,7.9703118054e+47,3.47992104692e+33,-2.84356114938e+45,0014
10309457765.9,5.02380191982e+19,4.6965907429e+24,1.61573485347e+25,1.40638061395e+50,1.14515902405e+35,-5.59682321344e+48,0014
4005072409.68,1.06297091427e+19,6.48170799244e+23,1.41127515832e+24,1.34947958818e+48,4.60091675908e+33,-2.83709741132e+46,0014
687552185.286,3.56160116587e+17,1.09810388433e+22,1.77248388923e+22,2.47215430331e+44,1.05762578506e+31,-5.80222938606e+42,0014
4771836770.17,1.59423622908e+19,1.15439292846e+24,2.17245558677e+24,3.44034765449e+48,8.67415478204e+33,6.83686046559e+45,0014
3215717432.63,6.73160197574e+18,3.33781420743e+23,7.21452285586e+23,3.54000198495e+47,1.87173475721e+33,4.74402046229e+45,0014
19860560188.0,2.40695669965e+20,2.61337876492e+25,6.63788390383e+25,2.7644253889e+51,1.02970688988e+36,3.78874977685e+49,0014
13129893321.5,1.24530009635e+20,1.45896418526e+25,2.64148818122e+25,5.18502461768e+50,2.94767733475e+35,7.4229878561e+48,0014
9245058960.05,6.34669399615e+19,7.85652923024e+24,1.39026011773e+25,1.45279726105e+50,1.10739584151e+35,-2.30065725008e+48,0014
10071962648.4,7.10505453257e+19,8.63341482586e+24,1.5234373278e+25,1.74701903067e+50,1.2839518766e+35,-2.07249883183e+48,0014
8600236724.45,4.83252595879e+19,4.83341818648e+24,1.04492712763e+25,7.42181737146e+49,7.26392417435e+34,-2.49839260118e+48,0014
8600236724.45,4.83252595879e+19,4.83341818648e+24,1.04492712763e+25,7.42181737146e+49,7.26392417435e+34,-2.49839260118e+48,0014
11983368912.1,9.26562903115e+19,8.43762574823e+24,1.89802038627e+25,2.4017511057e+50,1.82699904681e+35,2.98053574573e+48,0014
11393582611.8,8.00787150982e+19,6.77006300634e+24,1.70720060741e+25,1.83536545913e+50,1.52771614522e+35,3.14096219836e+47,0014
2094184343.67,3.04404456503e+18,1.34483310268e+23,2.54103358364e+23,4.69727230199e+46,4.43333969595e+32,2.03252617045e+44,0014
17095549634.3,1.86608262552e+20,2.07593130317e+25,5.00394756605e+25,1.61170477886e+51,6.83496120239e+35,-5.89308531457e+49,0014
5349141089.88,1.97321135873e+19,1.50252896612e+24,2.89835383639e+24,6.04818284601e+48,1.2874627033e+34,-4.79013103336e+46,0014
14051805688.2,1.39237220808e+20,1.63494022114e+25,3.0889833592e+25,6.93865171104e+50,3.64443254595e+35,-2.10206522704e+49,0014
18126946074.4,2.09360859183e+20,2.529491615e+25,5.69388502306e+25,2.16084455781e+51,8.23865123698e+35,1.14858094232e+49,0014
5999088335.63,2.4898660964e+19,2.01786391588e+24,3.87667439174e+24,1.08420679367e+49,1.93439264905e+34,-1.11102353389e+47,0014
10311430133.7,5.02638697689e+19,4.69896698921e+24,1.61620075733e+25,1.40735091584e+50,1.14578340126e+35,-5.58539804278e+48,0014
4181960548.57,1.10572586876e+19,6.47427078371e+23,1.56060021575e+24,1.56695204081e+48,5.18902994209e+33,-7.34981214176e+46,0014
9275087899.4,5.66256087633e+19,4.83675359375e+24,1.04624799498e+25,7.44150296356e+49,7.8728831916e+34,-1.31967239221e+48,0014
5019384167.05,1.65470059924e+19,9.92676452991e+23,2.1072469265e+24,3.04768892989e+48,8.57185172845e+33,1.65019570872e+46,0014
11135777805.8,7.85784209559e+19,7.17067108744e+24,1.64872425624e+25,1.79245728723e+50,1.4614234102e+35,2.80384661721e+48,0014
13609431625.1,1.32719850748e+20,1.58986457819e+25,2.84308174459e+25,6.04446981919e+50,3.27534657606e+35,3.14361833822e+48,0014
14272335786.8,1.09294019797e+20,7.82633501336e+24,2.66233103738e+25,3.80190847392e+50,2.78207116273e+35,5.60598994205e+49,0014
4446048031.8,1.32562324535e+19,8.37002310727e+23,1.66454420561e+24,1.96409666326e+48,6.06035417879e+33,5.04938930983e+46,0014
10093628982.0,6.61228939772e+19,5.7515327803e+24,1.28587432882e+25,1.10581789068e+50,1.04562074714e+35,5.80161520752e+47,0014
10900425364.4,7.85935107025e+19,7.86864113518e+24,1.64480058742e+25,1.86979205376e+50,1.45804888006e+35,-7.2523698391e+48,0014
7630761740.0,3.33420033703e+19,2.07695832631e+24,6.22265170275e+24,2.23562758796e+49,3.5923811034e+34,-7.99698396729e+47,0014
7577416431.54,3.83120290505e+19,3.16772930461e+24,6.4714459038e+24,2.92842922282e+49,4.00460298166e+34,-9.76438857164e+47,0014
8928389431.4,5.28219247811e+19,4.80779186245e+24,1.04729087954e+25,7.4297946593e+49,7.61108187852e+34,-1.5704863332e+48,0014
6691898134.55,2.69765829415e+19,1.70789898926e+24,4.34738617424e+24,1.18245085697e+49,2.25756935922e+34,-7.14007483916e+47,0014
10433202701.9,7.13133596797e+19,6.85238612841e+24,1.43003563274e+25,1.41415309725e+50,1.20749440773e+35,-6.40340545972e+48,0014
10685351233.3,7.31848406403e+19,6.05676284647e+24,1.37695437273e+25,1.25741507005e+50,1.17795880166e+35,-1.23504193381e+48,0014
8800779248.99,4.99078954931e+19,4.06001548195e+24,9.14038956696e+24,5.56813760143e+49,6.45682635518e+34,-1.16132050584e+47,0014
3943901355.3,1.07958387584e+19,8.13342858395e+23,1.52931757725e+24,1.70538095007e+48,5.02473668962e+33,-2.88049127201e+46,0014
6539541550.27,3.09247146363e+19,3.26904853335e+24,5.70773330195e+24,2.46528940509e+49,3.17404682865e+34,3.27351068572e+47,0014
8720336547.52,4.88752405822e+19,4.0068456683e+24,9.19006926399e+24,5.57628347013e+49,6.42482412925e+34,-7.04340865441e+47,0014
6784743994.59,3.25752328183e+19,2.80682871949e+24,5.17391635452e+24,1.97036999943e+49,2.95248719609e+34,-7.19399709672e+47,0014
8727793342.9,4.46881550697e+19,3.24601278452e+24,9.01793079926e+24,4.87765998383e+49,6.02828944754e+34,1.16546159504e+48,0014
14463097562.9,1.46636009093e+20,1.85337401822e+25,3.48240143091e+25,8.84706310136e+50,4.21695505402e+35,1.5415506428e+48,0014
12733468012.4,1.02338825139e+20,9.83944164008e+24,2.42760481246e+25,3.75045045193e+50,2.4558079802e+35,1.04580438782e+49,0014
517956422928.0,1.32375352641e+23,6.60633789035e+28,2.25407025696e+29,2.75060778598e+58,8.20107919012e+40,1.00448708265e+56,0014
2723088031.8,4.87039680946e+18,2.36954677471e+23,5.16971585848e+23,1.8087401902e+47,1.14088815699e+33,-4.85607964268e+45,0015
801420277.277,4.6196284227e+17,1.39938583972e+22,2.46595788317e+22,4.580083129e+44,1.67548876521e+31,-8.44764364227e+42,0015
357403404.806,7.18877560311e+16,1.03861291627e+21,2.91656032542e+21,4.98137298917e+42,7.81979498137e+29,-9.7626147723e+41,0015
3873968943.84,1.01438082847e+19,5.91723637189e+23,1.23468742418e+24,1.05516469404e+48,3.93239834593e+33,1.95781270055e+46,0015
4595874773.43,1.33324710402e+19,7.76453324508e+23,1.7265128598e+24,1.99884148036e+48,6.30402027844e+33,-2.50308189073e+46,0015
6739186372.39,3.16408924646e+19,2.49974604257e+24,4.92757139764e+24,1.7288793248e+49,2.77175185027e+34,-4.27377478705e+47,0015
2338113450.76,3.73797722624e+18,1.68576256544e+23,3.41927248532e+23,8.2087646626e+46,6.61075640426e+32,-8.06601545171e+44,0015
814322629.404,4.44071510506e+17,1.27100470947e+22,2.5379669117e+22,4.55703687293e+44,1.69089172714e+31,1.07128062104e+43,0015
381547960.56,1.02333782337e+17,2.0362098166e+21,3.88874572813e+21,1.09424155496e+43,1.24397438461e+30,8.26247740676e+40,0015
381547960.56,1.02333782337e+17,2.0362098166e+21,3.88874572813e+21,1.09424155496e+43,1.24397438461e+30,8.26247740676e+40,0015
2409373476.11,3.61722326521e+18,1.61664820731e+23,3.83446223337e+23,9.50996575282e+46,7.28610868098e+32,-8.39479916577e+45,0015
5622668977.54,2.29414388315e+19,1.69296871288e+24,2.95272342233e+24,6.60087175133e+48,1.41424927378e+34,-1.07256609014e+47,0015
524490073.506,1.95061487658e+17,4.36597808677e+21,8.18835751492e+21,4.89581604771e+43,3.61638731058e+30,-3.46531069255e+41,0015
1713896206.11,1.98070872429e+18,7.7761609874e+22,1.59697163127e+23,1.77916008209e+46,2.24701342385e+32,-4.06627218494e+44,0015
1231493625.3,1.08788601901e+18,3.73949732804e+22,6.86063305151e+22,3.47478313234e+45,7.15514859585e+31,-3.74306531872e+43,0015
520321989.067,1.89179728355e+17,4.56660873702e+21,8.82066762437e+21,5.59774682216e+43,3.83652304606e+30,7.19139017466e+41,0015
520321989.067,1.89179728355e+17,4.56660873702e+21,8.82066762437e+21,5.59774682216e+43,3.83652304606e+30,7.19139017466e+41,0015
820754422.413,5.18809897677e+17,1.73305296821e+22,2.69738279236e+22,5.83195900425e+44,1.94283183778e+31,-2.88930943825e+42,0015
2399222002.45,3.88811152656e+18,1.95737289859e+23,3.81988777637e+23,1.04441664372e+47,7.53216735497e+32,-1.39808127386e+45,0015
5705156586.7,2.35015156324e+19,1.94146840797e+24,3.43302014419e+24,8.86277252921e+48,1.66427102765e+34,6.04110525924e+46,0015
416690272.21,1.25413873336e+17,2.72530815747e+21,4.75373665938e+21,1.71095534365e+43,1.68301260863e+30,-1.71486757107e+41,0015
184163595.404,2.42242419587e+16,3.62348499924e+20,6.74212364507e+20,3.33065241982e+41,1.04927883465e+29,1.08187009324e+40,0015
315315672.424,6.84552850382e+16,1.15953568088e+21,2.34032130676e+21,3.8541286832e+42,6.12318135311e+29,9.39807174443e+40,0015
744888640.683,4.03059700573e+17,1.21723655545e+22,2.15996458346e+22,3.50225909453e+44,1.37129540942e+31,2.27553112098e+42,0015
2501768405.13,3.71440782801e+18,1.40603964571e+23,3.81709585451e+23,8.83794353804e+46,7.35583468261e+32,-2.98254099822e+45,0015
9512364594.75,6.32388080975e+19,5.86353535462e+24,1.14257829016e+25,9.35206165074e+49,9.08609016666e+34,-2.34454467833e+47,0015
10259867385.4,6.72295535804e+19,5.91135619454e+24,1.31047109679e+25,1.15332005421e+50,1.07434112416e+35,1.46199674587e+48,0015
6553142968.4,3.07291064902e+19,2.80848465103e+24,5.13965427855e+24,1.95269640425e+49,2.84910341627e+34,6.16039212871e+46,0015
2703879338.97,5.16604317602e+18,2.58610975763e+23,4.72607685563e+23,1.65191866663e+47,1.07414568095e+33,-3.28751094471e+45,0015
14618713468.0,1.40817069918e+20,1.51712608914e+25,3.20369974505e+25,7.06281166501e+50,3.80169796583e+35,5.00923858147e+48,0015
2232734213.42,3.58845266041e+18,1.75045763536e+23,3.13615658799e+23,7.34759751393e+46,5.94088754695e+32,8.20126386352e+44,0015
10112737358.3,6.31381651302e+19,4.41128976784e+24,1.14487986739e+25,8.13587378795e+49,9.09711303654e+34,-7.50322396704e+47,0015
5995306833.04,2.42871208344e+19,1.65518758882e+24,3.38244725677e+24,7.99398699278e+48,1.66621286502e+34,-3.86389305239e+47,0015
5518727729.86,2.12980119541e+19,1.73526076551e+24,3.22533603099e+24,7.62924652587e+48,1.48809825346e+34,-1.30141884239e+47,0015
12964023712.8,1.18156667901e+20,1.52816986102e+25,2.85721992683e+25,5.96757218271e+50,3.10562326748e+35,-1.82790481122e+49,0015
2299739481.82,3.72975894015e+18,1.7380679966e+23,3.23848508918e+23,7.68199048613e+46,6.25388939722e+32,-1.40349043068e+45,0015
9348571493.15,5.78094852226e+19,4.86193399726e+24,1.06730151369e+25,7.68663715832e+49,8.11495961746e+34,1.64008806499e+48,0015
9114969790.57,6.4363493569e+19,9.10159378444e+24,1.40873365003e+25,1.59440296492e+50,1.12946410516e+35,-4.88764349728e+48,0015
22236846789.2,3.01729179969e+20,3.83495084727e+25,9.59918253008e+25,5.81981820894e+51,1.66716148475e+36,2.24142704585e+50,0015
9398402917.4,6.27416189362e+19,5.57966758869e+24,1.04302337923e+25,7.95663970197e+49,8.26167444978e+34,-6.73012255923e+47,0015
5415364312.18,1.81324690931e+19,1.12858140908e+24,2.9273234531e+24,5.30958982789e+48,1.2463289987e+34,-3.44372145181e+47,0015
12357684889.6,1.11802446579e+20,1.3092119217e+25,2.28799711712e+25,3.95961464747e+50,2.41912375583e+35,-5.04606020837e+48,0015
3114832021.27,6.93566788281e+18,3.98863085233e+23,7.38070784561e+23,4.00414704565e+47,1.94372422437e+33,6.01075496111e+45,0015
5175224344.07,1.96065044436e+19,1.61735385974e+24,2.80421404754e+24,5.97128235923e+48,1.24160989875e+34,9.21051009981e+46,0015
15256149421.4,1.59271261458e+20,2.00720495492e+25,4.07347829001e+25,1.16476417292e+51,5.14077500868e+35,6.10506430078e+48,0015
11626970732.0,9.19661867068e+19,9.05320605742e+24,1.87119114549e+25,2.43515901814e+50,1.79432110438e+35,3.73607542629e+48,0015
8148838812.57,4.29974798556e+19,3.10921986769e+24,7.17175017063e+24,3.38449867141e+49,4.7026582702e+34,1.19180935038e+48,0015
7144813496.91,3.45761629408e+19,3.104568374e+24,5.90192381857e+24,2.5168989444e+49,3.46800512467e+34,-2.18152314037e+48,0015
7353915912.78,3.83708238393e+19,3.86498370095e+24,7.10921412051e+24,3.72632373129e+49,4.40372766036e+34,-4.0495162761e+47,0015
14013902845.2,1.28670046481e+20,1.40047118123e+25,3.11410999539e+25,6.50318707716e+50,3.53228122458e+35,4.78653295361e+48,0015
20981829007.9,3.24058792598e+20,5.92678138683e+25,9.85640846687e+25,7.52012547108e+51,1.77314920359e+36,-4.45987524459e+50,0015
7490508427.95,3.73342360008e+19,2.96913246848e+24,6.37885253167e+24,2.77199115446e+49,3.89757848799e+34,1.50221234361e+48,0015
4240427044.22,1.37768779507e+19,1.09575188457e+24,1.68915786196e+24,2.29705995634e+48,6.26816758793e+33,-6.78081635792e+46,0015
10112733348.2,6.31381060987e+19,4.41128613318e+24,1.14487918754e+25,8.13586319899e+49,9.09710338521e+34,-7.50311056793e+47,0015
14764193586.1,1.42817890863e+20,1.71943687072e+25,3.62408547656e+25,9.020649125e+50,4.33021108936e+35,-6.86212659174e+49,0015
8101319960.78,4.70891053799e+19,4.4842057361e+24,8.16410091074e+24,4.93970284104e+49,5.60230510071e+34,-2.24553465095e+47,0015
19001906010.1,2.40988658836e+20,3.01593468858e+25,6.42210880774e+25,2.81993277028e+51,9.96285466152e+35,-1.90497197781e+50,0015
10802558295.5,7.55046316592e+19,6.93767836228e+24,1.62467442068e+25,1.7243894839e+50,1.41168906472e+35,-4.074955892e+48,0015
9651391205.9,6.26826778083e+19,5.45190592704e+24,1.12346247358e+25,8.78416210992e+49,8.89369446193e+34,-3.82661233365e+48,0015
2795521578.77,5.2294708282e+18,2.71563210122e+23,5.64538680621e+23,2.21037903349e+47,1.29098898224e+33,-1.44425001942e+45,0015
8100835943.83,4.99385220138e+19,6.05002625152e+24,9.30825058188e+24,6.98127024158e+49,6.57693938818e+34,2.35176671314e+48,0015
5694304869.85,2.21149730149e+19,1.66487748291e+24,3.23727283507e+24,7.51522946846e+48,1.52236402479e+34,-6.81357017382e+46,0015
6544564148.02,2.93073102371e+19,2.24970147601e+24,4.54553203501e+24,1.45356881135e+49,2.46077887158e+34,-6.18772553308e+46,0015
14745051450.8,1.50895580902e+20,2.08690641928e+25,4.06736930891e+25,1.1849039503e+51,4.99627405004e+35,-1.58294864069e+49,0015
15251225078.1,1.57302520198e+20,2.01743837976e+25,4.0846045601e+25,1.17147764263e+51,5.12279382608e+35,-4.97428310948e+49,0015
15724935169.4,1.62808211214e+20,1.98594702942e+25,4.43774454886e+25,1.31738767977e+51,5.662395304e+35,-1.04570557586e+49,0015
12964043296.5,1.18157062525e+20,1.52817446915e+25,2.85722713275e+25,5.96760370516e+50,3.10563629354e+35,-1.82793093966e+49,0015
11457055792.7,8.41672870933e+19,8.06376814854e+24,1.85879543918e+25,2.2747962311e+50,1.70518458959e+35,-6.43900668395e+48,0015
11834063778.8,9.46529984729e+19,1.06016544344e+25,2.05738467977e+25,3.03816038101e+50,2.00162445515e+35,-4.58169813748e+48,0015
15978979364.7,1.57764237604e+20,1.68225906123e+25,4.35695367567e+25,1.17862172084e+51,5.47201180788e+35,-4.70941038936e+49,0015
13488555793.6,1.2424139667e+20,1.6138997133e+25,3.09495814969e+25,6.91575942563e+50,3.44947060041e+35,1.33223018801e+49,0015
6116807182.56,2.77289863804e+19,2.84592241271e+24,4.79831573433e+24,1.77306434792e+49,2.52668627419e+34,-1.71281504283e+47,0015
17399779122.9,2.08361817578e+20,2.59254366902e+25,5.20499675467e+25,1.91196825236e+51,7.51327619888e+35,-1.48269042963e+49,0015
11659355844.5,9.616511715e+19,1.04051852027e+25,1.93949875951e+25,2.75510002656e+50,1.90192161508e+35,-2.76029649605e+48,0015
7259881785.16,3.54201377487e+19,3.00755581601e+24,6.18405118003e+24,2.66695150559e+49,3.68040934483e+34,6.63004958971e+46,0015
16120609172.8,2.01403456507e+20,3.78688624772e+25,5.8598710059e+25,2.75914845445e+51,8.31093136077e+35,-8.33660718658e+49,0015
11074805490.7,8.33412120345e+19,8.55300665599e+24,1.76473470381e+25,2.16777900521e+50,1.61104920577e+35,-3.70841340519e+48,0015
7865534370.65,3.92855435684e+19,2.87795386943e+24,6.69017520571e+24,2.93486265018e+49,4.19327443317e+34,-6.61746046712e+47,0015
11890222235.6,9.35996576426e+19,8.8864095511e+24,1.94857340169e+25,2.56355570438e+50,1.88518290961e+35,5.37834353547e+48,0015
10083781870.2,7.10401294588e+19,7.59693020072e+24,1.44868102221e+25,1.51957029517e+50,1.2210096191e+35,2.47137367864e+48,0015
739891384.285,4.23232488317e+17,1.51180907857e+22,2.42023163018e+22,4.62949046022e+44,1.57437456704e+31,8.1905608771e+41,0016
699164175.248,3.1308346827e+17,1.32772894977e+22,2.70928354096e+22,5.11585537507e+44,1.5156289017e+31,4.81882588035e+43,0016
496354239.827,1.98325878709e+17,6.77005904543e+21,1.03659236486e+22,8.68196007918e+43,4.61495610959e+30,-1.77212893335e+42,0016
329611844.133,9.21558167008e+16,2.75485844395e+21,3.83575477979e+21,1.24687346508e+43,1.1642218747e+30,-5.01556771141e+40,0016
382622992.301,8.30660032909e+16,1.55247478661e+21,4.27230136305e+21,1.08879870037e+43,1.23088503074e+30,1.58568414129e+42,0016
495558015.342,1.52245921265e+17,2.7154319116e+21,7.81258969709e+21,3.59648340914e+43,3.04262366283e+30,1.18073860108e+42,0016
1490515715.42,1.31919538736e+18,9.78463016679e+22,2.0932732572e+23,2.99128298584e+46,2.40298850328e+32,1.64233371249e+45,0016
2478024631.11,4.64690688455e+18,2.98902900907e+23,4.98700980191e+23,1.92323124057e+47,1.07468242698e+33,9.17735777289e+45,0016
1298231450.57,1.26592487263e+18,5.1460027186e+22,8.23235224699e+22,5.35573068657e+45,9.26134753221e+31,1.63465161148e+44,0016
3365934474.65,6.64816042562e+18,4.04638436769e+23,9.54611618439e+23,5.86824747495e+47,2.46012336393e+33,8.74097178604e+46,0016
5151990645.89,1.53413357153e+19,9.88459756102e+23,2.68309332116e+24,4.3383766176e+48,1.04994608113e+34,5.20714322629e+47,0016
4439609045.32,1.16600719528e+19,8.87989970536e+23,2.11931719382e+24,2.89702453797e+48,7.23438662012e+33,2.4486396097e+47,0016
9266268323.84,5.37595706864e+19,6.62982876424e+24,1.42175810495e+25,1.37414982496e+50,1.04244297398e+35,1.30701240481e+49,0016
902808510.984,4.75826146796e+17,9.73477390793e+21,2.70833641294e+22,4.38105616232e+44,1.86742360639e+31,3.81225333098e+43,0016
2549820498.65,5.0603553118e+18,3.59842244579e+23,5.91021808256e+23,2.72543790669e+47,1.32935342608e+33,2.92683077404e+45,0016
5784588036.02,2.54941507541e+19,2.597566877e+24,4.11411448649e+24,1.34244730361e+49,2.07692808494e+34,8.15925332131e+47,0016
1384741357.66,1.18858214666e+18,5.54736268653e+22,1.18035952441e+23,9.45840081943e+45,1.28633316238e+32,1.32926070118e+45,0016
2027747658.99,2.55430938424e+18,1.09044958479e+23,2.60876968418e+23,4.39642054763e+46,4.16920801641e+32,1.78378034142e+45,0016
1846157119.42,1.94164480866e+18,7.55994088053e+22,2.25625517154e+23,2.94651866054e+46,3.14391308721e+32,3.59519947815e+44,0016
3785783900.6,1.05291894802e+19,7.86291939321e+23,1.377763149e+24,1.43377116209e+48,4.47060490824e+33,2.64553333856e+46,0016
2661223349.26,5.0675757508e+18,5.45862980841e+23,8.45316795837e+23,5.73826518181e+47,1.90247404175e+33,2.09936268984e+46,0016
2708222322.22,4.58108405192e+18,1.98298333178e+23,4.92638891805e+23,1.53762046452e+47,1.05438329643e+33,8.11119434738e+45,0016
2813377895.17,6.6188870289e+18,5.21920682967e+23,7.29485498273e+23,4.50118670937e+47,1.87666811224e+33,-4.53249651415e+44,0016
1362177909.74,1.32617332668e+18,5.5757125868e+22,9.69445223513e+22,7.11037970466e+45,1.11573895148e+32,4.93213816774e+44,0016
1537451125.21,1.95593423319e+18,1.81859454136e+23,2.54497464429e+23,5.47479027702e+46,3.5592663367e+32,5.94971211346e+44,0016
6072114270.11,2.80164314686e+19,3.40849089878e+24,5.33275828901e+24,2.27088045301e+49,2.82227169882e+34,1.10618807185e+48,0016
10794269227.4,7.22548135089e+19,6.29102399368e+24,1.46229579213e+25,1.39524776657e+50,1.24232722309e+35,1.42780812691e+49,0016
28057437114.2,4.98072879847e+20,6.86155355044e+25,1.55469406957e+26,1.60022045162e+52,3.46780308739e+36,1.33176606314e+51,0016
4913442774.8,2.07394310036e+19,3.41492733179e+24,4.28061915352e+24,1.63626989793e+49,1.94905544723e+34,3.43503896374e+47,0016
10300369630.2,7.45408254632e+19,9.27150370296e+24,1.70673533246e+25,2.14211896185e+50,1.47290423175e+35,1.44125519578e+49,0016
1262179623.36,1.12676462174e+18,4.82668245154e+22,8.46782510755e+22,5.40328190729e+45,8.98628871019e+31,3.3327525411e+44,0016
900598950.579,5.16954033001e+17,1.28790143778e+22,3.15791051886e+22,6.36468826432e+44,2.26951959606e+31,2.2195098197e+43,0016
7581643650.41,5.07606986879e+19,1.01946336896e+25,1.29095421749e+25,1.48078661676e+50,9.19740864537e+34,2.45325766173e+48,0016
8757266725.92,5.84905578989e+19,6.31111829553e+24,1.06534938809e+25,8.73365234725e+49,8.1476518116e+34,1.83032970053e+48,0016
20761391778.2,2.71201967374e+20,3.37143074271e+25,7.97083662584e+25,4.11820560951e+51,1.31230669751e+36,3.37663284791e+50,0016
2024778694.61,3.859408476e+18,4.97262068448e+23,5.62208827257e+23,2.97261726757e+47,1.1044177123e+33,-2.55282582104e+44,0016
8790074004.28,4.73418002564e+19,3.98476793597e+24,1.06480152996e+25,6.92301039046e+49,7.32586643109e+34,4.23097143389e+48,0016
13040755915.7,1.01484012234e+20,9.36213143847e+24,2.67022314732e+25,4.19091704023e+50,2.68990750404e+35,5.10603845957e+49,0016
5130134592.64,2.20110668344e+19,3.28850804838e+24,4.57994946236e+24,1.77622748022e+49,2.1487255259e+34,6.51453283192e+47,0016
6274733096.92,3.2123263357e+19,3.82095719489e+24,5.68285771911e+24,2.64796471612e+49,3.22030067394e+34,2.78775184179e+47,0016
9001272432.05,6.42701802477e+19,9.68233228129e+24,1.46205167959e+25,1.7388354697e+50,1.1720515265e+35,4.94555638741e+48,0016
2398339332.27,4.4071232684e+18,3.77814970921e+23,6.49108618513e+23,3.2138235967e+47,1.36253372006e+33,6.67347048047e+45,0016
474789050.622,1.67363388157e+17,4.716993838e+21,8.0087530942e+21,4.91537040073e+43,3.2763207205e+30,2.63633384434e+42,0016
14394395191.8,1.40932726528e+20,1.68350787508e+25,3.39341145957e+25,8.08852758394e+50,4.02668697984e+35,6.0032847479e+49,0016
152872912.863,1.69030896439e+16,2.52199960076e+20,4.68842607234e+20,1.60838885695e+41,6.09542068153e+28,1.10474810175e+40,0016
3460461282.21,1.1080442129e+19,1.76397128262e+24,2.03971432659e+24,3.86898795445e+48,6.78965693008e+33,1.28548718681e+46,0016
5142388167.06,1.73903855856e+19,1.52418315832e+24,3.1032303487e+24,6.71631092233e+48,1.29328548807e+34,6.63479210742e+47,0016
10233223874.0,7.87525275757e+19,1.44759172782e+25,2.35782537055e+25,4.3423670952e+50,2.09191065546e+35,3.44693809536e+49,0016
4356156186.93,1.4422103366e+19,1.72188857466e+24,2.65773197025e+24,5.68113554982e+48,1.00920298301e+34,2.22941214965e+47,0016
3041591472.14,6.39963195538e+18,3.23695724123e+23,6.75972957231e+23,3.16063728776e+47,1.70999983494e+33,9.29704486488e+45,0016
11615014224.9,1.08403693128e+20,2.07899412412e+25,3.02088512195e+25,7.5644123926e+50,3.1452471526e+35,3.05005210618e+49,0016
3694579393.96,7.77959145729e+18,3.97171564769e+23,1.2337180915e+24,8.60868411615e+47,3.4401509335e+33,6.86418736941e+46,0016
8315939493.46,5.50350259796e+19,1.01378588177e+25,1.5066991717e+25,1.86098344259e+50,1.11775187433e+35,6.56948990562e+48,0016
5094092262.45,2.1976673566e+19,3.11363416257e+24,4.21528227499e+24,1.52653471956e+49,1.97609409914e+34,4.23545383656e+47,0016
6551680122.4,3.11662417046e+19,3.68911284714e+24,6.23570846175e+24,2.98374500057e+49,3.48073858826e+34,2.05536435286e+48,0016
5003705674.1,2.27485245572e+19,3.70621149549e+24,4.45045998851e+24,1.80746400395e+49,2.12265915899e+34,-6.48317918368e+46,0016
12117865122.2,1.21979401823e+20,2.40090977419e+25,3.32710467049e+25,9.39984910084e+50,3.67398418396e+35,2.60518859552e+49,0016
9603104532.87,5.88511152015e+19,5.43421705451e+24,1.32881945656e+25,1.12401206639e+50,1.01937066615e+35,1.08025384146e+49,0016
4025089557.0,1.05266591886e+19,6.4918451835e+23,1.3438924662e+24,1.24788120864e+48,4.35885679705e+33,1.35829284102e+47,0016
21020866281.8,3.0844925388e+20,4.35307268944e+25,8.6128336195e+25,5.26982717908e+51,1.51250679818e+36,2.02586680643e+50,0016
7857315593.41,4.76939887305e+19,5.57763099863e+24,9.03805588438e+24,6.41380001071e+49,6.24152723845e+34,2.05132561252e+48,0016
20579487177.8,2.84469053894e+20,4.00121800207e+25,8.01293013182e+25,4.51501153696e+51,1.35071224484e+36,4.4766201333e+50,0016
4612819454.25,1.76777275688e+19,2.01576905013e+24,2.85455955093e+24,6.8474331776e+48,1.19993161795e+34,-1.63956649957e+46,0016
5811477649.7,2.37136956018e+19,2.38541166066e+24,4.25429705121e+24,1.34979231124e+49,2.07101304993e+34,1.21642307761e+48,0016
3878282753.93,1.24988527434e+19,1.28697680102e+24,1.82938717339e+24,2.80660739327e+48,6.46725782357e+33,4.74807251888e+46,0016
4959870488.04,2.10575206616e+19,2.83682190083e+24,3.83517517744e+24,1.26500060647e+49,1.75983272294e+34,-4.78775813079e+46,0016
5748800097.98,2.1475896049e+19,1.53898256525e+24,3.30211964507e+24,7.41869288483e+48,1.52980716021e+34,6.13232010482e+47,0016
4698722504.85,1.79175719538e+19,2.21982425678e+24,3.18455786661e+24,8.46149552227e+48,1.347993874e+34,3.07120212404e+47,0016
22752077113.2,4.18752213306e+20,8.45356520912e+25,1.25309024901e+26,1.28966216898e+52,2.56424939607e+36,1.15840631325e+50,0016
6027686919.61,2.8578110786e+19,3.75532305287e+24,5.36778703387e+24,2.40552102233e+49,2.86859415745e+34,1.46819248728e+48,0016
1861592323.01,2.94281218059e+18,2.52837956045e+23,3.41396399697e+23,1.00265791091e+47,5.85652763592e+32,2.69442415335e+45,0016
2740196878.16,6.87341041824e+18,8.64325847879e+23,1.02438851372e+24,9.63903950922e+47,2.68565456587e+33,-2.95462957055e+45,0016
12102251200.4,1.21761486094e+20,2.40059446707e+25,3.32388788597e+25,9.38566133395e+50,3.66713971031e+35,2.58039258365e+49,0016
4575520224.24,1.78928362976e+19,2.11952027354e+24,2.87807961737e+24,7.10805036536e+48,1.21742520194e+34,7.23510937751e+46,0016
4015142360.86,1.23627509508e+19,1.22942942104e+24,1.85983996585e+24,2.80487763417e+48,6.53932819746e+33,2.04501549064e+47,0016
6507768596.67,2.60876602783e+19,1.86046136087e+24,4.4790571924e+24,1.28640240327e+49,2.28739212711e+34,1.30207779796e+48,0016
14543017866.3,1.68627366864e+20,3.47253771697e+25,5.28660159271e+25,2.26496062159e+51,6.86415275632e+35,2.5583849247e+49,0016
16530016806.6,1.83486871466e+20,2.60322285183e+25,5.17544815175e+25,1.89765694173e+51,7.0089475281e+35,8.73793326065e+49,0016
10384668156.4,5.63504811222e+19,4.20410492244e+24,1.68511507104e+25,1.40685743056e+50,1.26169855415e+35,1.80132241555e+49,0016
2471519550.64,4.28952582412e+18,2.81696607992e+23,5.00874187591e+23,1.87391621434e+47,1.03702506357e+33,1.67770996775e+46,0016
1946512934.65,3.04667371651e+18,1.83455364821e+23,2.80812302845e+23,6.3732398506e+46,4.90148982448e+32,7.3833811731e+44,0016
460727010.733,1.85319481275e+17,7.61709296942e+21,9.84054206142e+21,8.51905919108e+43,4.23618263497e+30,1.02650360071e+42,0016
438119067.221,1.6282090813e+17,4.83032665933e+21,6.64233296099e+21,3.76243679902e+43,2.68008431426e+30,2.3481883091e+38,0016
